Name,Bronze,Gold,Silver,Total
Paavo Johannes Nurmi,0,9,3,12
Frederick Carlton "Carl" Lewis,0,9,1,10
Raymond Clarence "Ray" Ewry,0,10,0,10
Allyson Michelle Felix,0,6,3,9
Martin Joseph Sheridan,1,5,3,9
Merlene Joyce Ottey-Page,6,0,3,9
Usain St. Leo Bolt,0,8,0,8
Veronica Angella Campbell-Brown,2,3,3,8
Viljo Eino "Ville" Ritola (Koukkari-),0,5,3,8
Irena Szewiska-Kirszenstein,2,3,2,7
Shirley Barbara Strickland de la Hunty,3,3,1,7
Eric Otto Valdemar Lemming,2,4,0,6
Jacqueline "Jackie" Joyner-Kersee,2,3,1,6
James Davies "Jim" Lightbody,0,4,2,6
Ralph Waldo Rose,1,3,2,6
Renate Stecher (Meiner-),1,3,2,6
Robert "Bob" Garrett,2,2,2,6
Shelly-Ann Fraser-Pryce,1,2,3,6
Tirunesh Dibaba Keneni,3,3,0,6
Delorez Florence Griffith Joyner,0,3,2,5
Emil Edvin Wide (Hermansson-),4,0,1,5
Emil Ztopek,0,4,1,5
Evelyn Ashford (-Washington),0,4,1,5
"Gwendolyn Lenna ""Gwen"" Torrence (-Waller, -Smith)",1,3,1,5
Heike Gabriela Drechsler (Daute-),2,2,1,5
Irving Knott "Irv" Baxter,0,2,3,5
Johan Pietari "Hannes" Kolehmainen,0,4,1,5
Justin Alexander Gatlin,2,1,2,5
Malvin Groston "Mal" Whitfield,1,3,1,5
Melvin Winfield "Mel" Sheppard,0,4,1,5
Meyer Prinstein,0,4,1,5
Philip Aron "Phil" Edwards,5,0,0,5
Sanya Richards-Ross,1,4,0,5
Tatyana Romanovna Lebedeva,1,1,3,5
Valeriy Pylypovych Borzov,2,2,1,5
Walter Beardsley Tewksbury,1,2,2,5
Alain (Ali-) Mimoun Ould Kacha,0,1,3,4
Alexander Sheldon "Alex" Wilson,3,0,1,4
"Alfred Adolph ""Al"" Oerter, Jr.",0,4,0,4
Alvin Christian "Al" Kraenzlein,0,4,0,4
"Angelo F. Taylor, Jr.",0,3,1,4
Annegret Richter (Irrgang-),0,2,2,4
Arthur Stanley Wint,0,2,2,4
Ato Jabari Boldon,3,0,1,4
Brbel Eckert-Wckel,0,4,0,4
Charles Archibald "Archie" Hahn,0,4,0,4
Charles William "Charley" Paddock,0,2,2,4
Christina Brehmer-Lathan,1,1,2,4
Christopher Deon "Chris" Brown,2,1,1,4
Donald O'Reilly "Don" Quarrie,1,1,2,4
Elizabeth Alyse "Betty" Cuthbert,0,4,0,4
Elmer Konstantin Niklander,1,1,2,4
Eric Natanael Backman,3,0,1,4
Francina Elsje "Fanny" Blankers-Koen,0,4,0,4
Frank "Frankie" Fredericks,0,0,4,4
Guy Montagu Butler,2,1,1,4
"Harry Livingston Hillman, Jr.",0,3,1,4
Herbert Henry "Herb" McKenley,0,1,3,4
Irina Anatolyevna Privalova (Sergeyeva-),2,1,1,4
James Brendan Bennet Connolly,1,1,2,4
James Cleveland "Jesse" Owens,0,4,0,4
Jan elezn,0,3,1,4
Jared Tallent,1,0,3,4
Jeremy Matthew Wariner,0,3,1,4
John Joseph Flanagan,0,3,1,4
Kenenisa Bekele Beyecha,0,3,1,4
Kipchoge Hezekieh "Kip" Keino,0,2,2,4
Konstantinos "Kostas" Tsiklitiras,1,1,2,4
LaShawn Merritt,1,3,0,4
Lasse Artturi Virn,0,4,0,4
Marlies Oelsner-Ghr,0,2,2,4
Maurice Greene,1,2,1,4
Michael Duane Johnson,0,4,0,4
Mohamad Tlili ben Abdallah Gammoudi,1,1,2,4
Mohamed Muktar Jama "Mo" Farah,0,4,0,4
Nataliya Nikolayevna Antyukh,1,1,2,4
Nathaniel John "Nate" Cartmell,1,1,2,4
Nikolaos P. Georgantas,1,1,2,4
Novlene Hilaire Williams-Mills,3,0,1,4
Olha Arkadivna Bryzhina (Vladykina-),0,3,1,4
Ralph Harold Metcalfe,1,1,2,4
Robert Marek Korzeniowski,0,4,0,4
Sebastian Newbold "Seb" Coe,0,2,2,4
Stanley Rupert "Stan" Rowley,3,1,0,4
Steven Earl "Steve" Lewis,0,3,1,4
Tamara Natanovna Press,0,3,1,4
Ugo Frigerio,1,3,0,4
Valerie Ann Brisco-Hooks,0,3,1,4
Viktor Saneyev,0,3,1,4
Vivian Jepkemoi Cheruiyot,1,1,2,4
Volmari Fritijof Iso-Hollo (Hollo-),1,2,1,4
Volodymyr Stepanovych Holubnychiy,1,2,1,4
Walter Thane Baker,1,1,2,4
William Harrison Dillard,0,4,0,4
"Wilma Glodean Rudolph (-Ward, -Eldridge)",1,3,0,4
Wyomia Tyus (-Simburg),0,3,1,4
Yohan Blake,0,2,2,4
Albert George Hill,0,2,1,3
Aleksandra Georgiyevna Chudina,1,0,2,3
Alice Regina Brown (-Harris),0,2,1,3
Andre De Grasse,2,0,1,3
Andrew William "Andy" Stanfield,0,2,1,3
Antonio Ricardo McKay,1,2,0,3
Armas Rudolf Taipale,0,2,1,3
Arthur Lewis Newton,2,1,0,3
BOL Femke,1,1,1,3
Barbora potkov,1,2,0,3
Beverly McDonald (-Stewart),1,1,1,3
Bevil Gordon d'Urban Rudd,1,1,1,3
Bobby Joe Morrow,0,3,0,3
Carmelita Jeter,1,1,1,3
"Chandra Danette Cheeseborough (-Shellman, -Guice)",0,2,1,3
Charles Bennett,0,2,1,3
Christine Ijeoma Chika Ohuruogu,1,1,1,3
Cornelius "Con" Leahy,0,1,2,3
David Peter "Dave" Hemery,1,1,1,3
De'Hashia Tonnek "DeeDee" Trotter,1,2,0,3
Deborah "Debbie" Ferguson-McKenzie,1,1,1,3
Denean Elizabeth Howard-Hill,0,1,2,3
Dennis Allen Mitchell,1,1,1,3
Deon Marie Hemmings,0,1,2,3
Derartu Tulu,1,2,0,3
Dorothy Hyman,2,0,1,3
Edith Marie McGuire (-Duvall),0,1,2,3
Edwin Corley Moses,1,2,0,3
Elaine Thompson,0,2,1,3
Eliud Kipchoge,1,1,1,3
Elizabeth M. "Betty" Robinson (-Schwartz),0,2,1,3
Ernest James "Ernie" Webb,0,0,3,3
Frank Clifford Wykoff,0,3,0,3
Frederick Morgan Taylor,2,1,0,3
Frentorish "Tori" Bowie,1,1,1,3
Gabriela Szabo (-Gyngyssy),1,1,1,3
Galina Ivanovna Zybina (-Fyodorova),1,1,1,3
George Valentine Bonhag,0,2,1,3
Gergely Kulcsr,2,0,1,3
Getenesh "Gete" Wami Degife,2,0,1,3
Glenn Ashby Davis,0,3,0,3
Gregory "Greg" Haughton,2,0,1,3
Gunhild Hoffmeister,1,0,2,3
Gyula Zsivtzky,0,1,2,3
HASSAN Sifan,2,1,0,3
Heidemarie "Heide" Rosendahl (-Ecker),0,2,1,3
Heikki Liimatainen,1,2,0,3
Helmut Krnig,1,0,2,3
Henry Norwood "Barney" Ewell,0,1,2,3
Hicham El Guerrouj,0,2,1,3
Ingrid Auerswald-Lange (Brestrich-),1,1,1,3
Jackson Volney Scholz,0,2,1,3
James Allan "Jimmy" Ball,2,0,1,3
Jan Niklas Patrik Sjberg,1,0,2,3
Jearl Atawa Miles-Clark,0,2,1,3
Jnis Lsis,1,1,1,3
Johan Frithiof Isidor "John" Svanberg (-Swanberg),1,0,2,3
Johannes "Hanns" Braun,1,0,2,3
John Arthur Ljunggren,1,1,1,3
Juliet Jean Cuthbert,1,0,2,3
Kathryn Jane "Kathy" Smallwood-Cook,3,0,0,3
Kelly Holmes,1,2,0,3
Kerron Stephon Clement,0,2,1,3
Kerron Stewart,1,0,2,3
Kriss Kezie Uche Chukwu Duru Akabusi,2,0,1,3
Lawson Robertson,2,0,1,3
Lemuel Clarence "Bud" Houser,0,3,0,3
Lia Manoliu (-Raica),2,1,0,3
Linford Ecerio Christie,0,1,2,3
Ludvk Dank,1,1,1,3
Lyudmila Ilyinichna Zharkova-Maslakova,2,0,1,3
Mahiedine Mekhissi-Benabbad,1,0,2,3
Mamo Wolde,1,1,1,3
Marie-Jos Juliana Prec (Hontas-),0,3,0,3
"Mary Denise Bignal-Rand (-Toomey, -Reese)",1,1,1,3
Matthew John "Matt" McGrath,0,1,2,3
Maurizio Damilano,2,1,0,3
Meseret Defar Tola,1,2,0,3
Michael Lawrence "Mike" Marsh,0,2,1,3
Michael Walter Mathieu,1,1,1,3
Micheline O. M. Ostermeyer (-Ghazarian),1,2,0,3
"Mildred Ella ""Babe"" Didrikson (Didriksen-, -Zaharias)",0,2,1,3
Miruts Yifter,1,2,0,3
Nadezhda Vladimirovna Chizhova,1,1,1,3
Nataliya Viktorovna Nazarova,1,0,2,3
Nina Apollonovna Romashkova-Ponomaryova,1,2,0,3
Olga Vladimirovna Nazarova,1,2,0,3
Oskar Albinus "Albin" Stenroos,1,1,1,3
Patrick Joseph "Pat" McDonald (McDonnell-),0,2,1,3
Paul Henry Pilgrim,0,3,0,3
Pauline Elaine Davis-Thompson,0,2,1,3
Peter George Snell,0,3,0,3
Pietro Paolo Mennea,2,1,0,3
Raelene Ann Boyle,0,0,3,3
Ralph Harold Boston,1,1,1,3
Richard Thompson,0,1,2,3
Robert Eugene "Bob" Richards,1,2,0,3
Roger Anthony Black,1,0,2,3
Ronald Weigel,1,0,2,3
Sara Simeoni (-Azzaro),0,1,2,3
Seppo Henrik Rty,2,0,1,3
Shawn Crawford,0,1,2,3
Shericka Nicola Williams,2,0,1,3
Sherone Anmarica Simpson,0,1,2,3
Sidney John Robinson,1,1,1,3
Stephen James "Steve" Backley,1,0,2,3
THOMAS Gabrielle,0,3,0,3
Taoufik Makhloufi,0,1,2,3
Tatyana Pavlovna Firova,0,0,3,3
Tatyana Vasilyevna Kazankina (-Kovalenko),0,3,0,3
Tayna Lawrence,0,1,2,3
Teresa Barbara Ciepy-Wieczorek,1,1,1,3
"Tetiana Volodymyrivna Samolenko-Dorovskykh (Khamitova-, -Apaicheva)",1,1,1,3
Tianna Madison-Bartoletta,0,3,0,3
Valerie Kasanita Adams-Vili (-Price),0,2,1,3
Venne "Verner" Jrvinen,2,1,0,3
Vilhelm Bruno Sderstrm,2,0,1,3
Vilho Immanuel "Ville" Tuulos,2,1,0,3
Virgilijus Alekna,1,2,0,3
Walter Rangeley,1,0,2,3
William Bundu "Will" Claye,1,0,2,3
"William Parry O'Brien, Jr.",0,2,1,3
William Peter "Bill" Hogenson,2,0,1,3
Wyndham Halswelle,1,1,1,3
Yelena Gadzhiyevna Isinbayeva,1,2,0,3
Yolanda Gail L. Devers (-Roberts),0,3,0,3
Yuliya Aleksandrovna Gushchina,0,1,2,3
Yuriy Heorhiyovych Siedykh,0,2,1,3
ALFRED Julien,0,1,1,2
ANNING Amber,2,0,0,2
Abdon Pamich,1,1,0,2
Abebe Bikila,0,2,0,2
Abel Richard Kiviat,0,1,1,2
Adam McCright Nelson,0,1,1,2
Adhemar Ferreira da Silva,0,2,0,2
Adolfo Consolini,0,1,1,2
Aeriwentha Mae Faggs (-Starr),1,1,0,2
Akilles Eero Johannes Jrvinen,0,0,2,2
Alberto Juantorena Danger,0,2,0,2
Alejandro Francisco Casaas Ramrez,0,0,2,2
Aleksandr Georgiyevich Baryshnikov,1,0,1,2
Aleksandr Timofeyevich Aksinin,1,1,0,2
Alexandra Angela "Sandie" Richards,1,0,1,2
Alexandre Franois tienne Jean Bouin,1,0,1,2
Alfred Ernest Tysoe,0,2,0,2
Allan Wipper Wells,0,1,1,2
Almaz Ayana Eba,1,1,0,2
Alonzo Carl Babers,0,2,0,2
Alvin Leonardo Harrison,0,1,1,2
Ana Fidelia Quirot Mor,1,0,1,2
Anastasia Kelesidou,0,0,2,2
Anastasiya Aleksandrovna Kapachinskaya,0,0,2,2
Anatoliy Pavlovych Bondarchuk,1,1,0,2
Andr Domingos da Silva,1,0,1,2
Andreas Thorkildsen,0,2,0,2
Andrew Orlando Valmon,0,2,0,2
Anier Octavio Garca Ortz,1,1,0,2
Anita Wodarczyk,0,1,1,2
Ann Elizabeth Packer (-Brightwell),0,1,1,2
Anna Vladimirovna Chicherova,1,1,0,2
Annette Joan Rogers (-Kelly),0,2,0,2
Armin Hary,0,2,0,2
Arne Halse,1,0,1,2
Arthur Godfrey Kilner Brown,0,1,1,2
Arthur James Robertson,0,1,1,2
Artur Jerzy Partyka,1,0,1,2
Ashton James Eaton,0,2,0,2
Astrid Kumbernuss,1,1,0,2
Avard Moncur,1,0,1,2
BENJAMIN Rai,0,2,0,2
BROWN Kaylyn,0,1,1,2
Barbara Ann Ferrell (-Edmonson),0,1,1,2
Barbara Pearl Jones (-Slater),0,2,0,2
"Benjamin Sinclair ""Ben"" Johnson, Jr.",2,0,0,2
Benjamin Willard "Ben" Adams,1,0,1,2
Bernard Kipchirchir Lagat,1,0,1,2
"Bernard Rollen Williams, III",0,1,1,2
Beverley Lanita "Bev" Goddard-Callender,2,0,0,2
Blanka Vlai,1,0,1,2
Boris Sergeyevich Tokarev,0,0,2,2
Brimin Kiprop (Firmin-) Kipruto,0,1,1,2
Brittney Davon Reese,0,1,1,2
Bronisaw Malinowski,0,1,1,2
Bror Erik Bylhn,0,0,2,2
Bror Karl Fock,0,1,1,2
Bruno Junk,2,0,0,2
Bryan Ezra Tsumoru Clay,0,1,1,2
Burglinde Pollak (-Grimm),2,0,0,2
CHEBET Beatrice,0,2,0,2
Calvin David "Cal" Bricker,1,0,1,2
Calvin Smith,1,1,0,2
Carl Johan Lind,1,0,1,2
Carl Kaufmann,0,0,2,2
Carl Rune Larsson,2,0,0,2
Carlette Denise Guidry-White (-Falkquay),0,2,0,2
Carlos Alberto de Sousa Lopes,0,1,1,2
Caterine Ibargn Mena,0,1,1,2
Catherine Astrid Salome "Cathy" Freeman,0,1,1,2
Chandra Lavon Sturrup,0,1,1,2
Charles Asati,0,1,1,2
Charles Decker Reidpath,0,2,0,2
Charles Edward "Charlie" Greene,1,1,0,2
"Charles Hewes ""Charlie"" Moore, Jr.",0,1,1,2
"Charles Lamont ""Charlie"" Jenkins, Sr.",0,2,0,2
"Christa Stubnick (Seliger-, -Fischer)",0,0,2,2
Christian Taylor,0,2,0,2
Christina Obergfll,1,0,1,2
Christine Day,1,0,1,2
Christophe Alexandre Christian Lematre,2,0,0,2
Chryste Dionne Gaines,1,1,0,2
Chuhei Nanbu,1,1,0,2
"Clarence Earl ""Arnie"" Robinson, Jr.",1,1,0,2
Claude Piquemal,2,0,0,2
Conant Meigs "Con" King,0,0,2,2
DAVEY Lewis,2,0,0,2
DEADMON Bryce,0,1,1,2
"Dallas Crutcher Long, III",1,1,0,2
Dana Ingrov-Ztopkov,0,1,1,2
Daniel Joseph "Danny Joe" Everett,1,1,0,2
Dannette Louise Young (-Stone),0,1,1,2
Danny D. McFarlane,0,0,2,2
Darren Andrew Campbell,0,1,1,2
David George Brownlow Cecil Burghley,0,1,1,2
David Lekuta Rudisha,0,2,0,2
David Neville,1,1,0,2
"Dawn Harper (-Everhart, -Nelson)",0,1,1,2
Denis Gennadyevich Nizhegorodov,1,0,1,2
Denise Lewis,1,1,0,2
Derek Drouin,1,1,0,2
Derek James Neville Johnson,1,0,1,2
Derrick Keith Brew,1,1,0,2
Diane Lynn Dixon (-Trouse),0,1,1,2
Dieter Baumann,0,1,1,2
Doina Ofelia Beliu-Melinte,0,1,1,2
Donald Fithian Lippincott,1,0,1,2
Donald Osborne "Don" Finlay,1,0,1,2
Donovan Bailey,0,2,0,2
Dorothy Jennifer Beatrice Odam-Tyler,0,0,2,2
Douglas Gordon Arthur Lowe,0,2,0,2
Du'aine Ladejo (Thorne-),1,0,1,2
Dwight Edwin Stones,2,0,0,2
Edson Luciano Ribeiro,1,0,1,2
Edward "Eddie" Owen,1,0,1,2
Edward Ferdinand Jacob "Ed" Lindberg,1,1,0,2
Edwin Anthony Roberts,2,0,0,2
Edwin Harold "Teddy" Flack,0,2,0,2
Eero Edvin Berg,1,1,0,2
Eero Reino Lehtonen,0,2,0,2
Eileen May Hiscock (-Wilson),1,0,1,2
Eino Rastas,0,2,0,2
Elbieta Maria Krzesiska-Duska,0,1,1,2
Eldece Clarke-Lewis,0,1,1,2
Elias Katz,0,1,1,2
Ellen Strophal-Streidt (-Wendland-),1,1,0,2
Ellery Harding Clark,0,2,0,2
Ellina Aleksandrovna Zvereva (Kisheyeva-),1,1,0,2
Elsa Katrine "Trine" Solberg-Hattestad,1,1,0,2
Emmanuel Earl Callender,0,1,1,2
Enee Enefiok Udo-Obong,1,1,0,2
Enrique Figuerola Camu,0,0,2,2
Eric Henry Liddell,1,1,0,2
Eric Randolph "Randy" Barnes,0,1,1,2
Erich Arthur Fritz Schwab,1,0,1,2
Erich Borchmeyer,1,0,1,2
Erick Wainaina,1,0,1,2
Erik Albin Almlf,2,0,0,2
Ethel May Smith (-Stewart),1,1,0,2
Evelin Schlaak-Jahl (-Herberg),0,2,0,2
Ewa Kobukowska,1,1,0,2
Ezekiel Kemboi Cheboi,0,2,0,2
FISHER Grant,2,0,0,2
Falilat Ogunkoya (-Osheku),1,0,1,2
Fanny "Bobby" Rosenfeld,0,1,1,2
"Fatima N. (Fatma-) Whitbread (Vedad-, -Norman)",1,0,1,2
Fay R. Moulton,1,0,1,2
Fermn Cacho Ruiz,0,1,1,2
Fiona Winsome Marcia May (-Iapichino),0,0,2,2
Flix Snchez Marcelo,0,2,0,2
"Floyd Macon Simmons, Jr.",2,0,0,2
Fortune Everett Gordien,1,0,1,2
Francena Lynette McCorory,0,2,0,2
Francis Morgan "Daley" Thompson,0,2,0,2
Frank Charles Shorter,0,1,1,2
Frank Laird Waller,0,0,2,2
Frank Schaffer,1,0,1,2
Franoise Mbango Etone,0,2,0,2
Frans Wilhelm "Ville" Prhl (Horneman-),0,1,1,2
Frederick Vaughn "Fred" Newhouse,0,1,1,2
Fulgencia Romay Martnez,1,0,1,2
Galen Rupp,1,0,1,2
Galina Vyacheslavovna Malchugina (Mikheyeva-),1,0,1,2
Georg Lammers,1,0,1,2
George Coleman Poage,2,0,0,2
George Edward Larner,0,2,0,2
George Ezekiel Kerr,2,0,0,2
George Lawrence "Larry" James,0,1,1,2
George Roger Woods,0,0,2,2
George Vincent Rhoden,0,2,0,2
George Washington F. Orton,1,1,0,2
George William Hutson,2,0,0,2
Georges Ivan "Go" Andr (Monnard-),1,0,1,2
Gerd Kanter,1,1,0,2
Gerhard Hennige,1,0,1,2
Gerhard Karl Eduard Stck,1,1,0,2
Gisela Khler-Birkemeyer,1,0,1,2
Glenn Foster Hardin,0,1,1,2
Godfrey Lionel Rampling,0,1,1,2
Gregory James "Greg" Rutherford,1,1,0,2
Grit Breuer (-Springstein),2,0,0,2
Guy Drut,0,1,1,2
HALL Quincy,0,2,0,2
HAYDOCK-WILSON Alex,2,0,0,2
HUDSON-SMITH Matthew,1,0,1,2
Haile Gebrselassie,0,2,0,2
Halina Sylwia Richter-Grecka-Herrmann,1,1,0,2
Hannes Waldemar Cierpinski,0,2,0,2
Hans Grodotzki,0,0,2,2
Hans-Georg Reimann,1,0,1,2
Hans-Joachim Walde,1,0,1,2
Harald Schmid,2,0,0,2
Harold Allan Wilson,0,1,1,2
Harold Marion Osborn (Osborne-),0,2,0,2
Harold Maurice Abrahams,0,1,1,2
"Harry Lee ""Butch"" Reynolds, Jr.",0,1,1,2
Hartwig Gauder,1,1,0,2
Hasna Benhassi,1,0,1,2
Hayes Wendell Jones,1,1,0,2
"Heather Joy Armitage (-Young, -McClelland)",1,0,1,2
Heather Regina Hunte-Oakes,2,0,0,2
Heinrich-Otto "Heinz" Ulzheimer,2,0,0,2
Helen Herring Stephens,0,2,0,2
Henry Lon mile Deloge,0,0,2,2
Henry William Carr,0,2,0,2
Herman Ronald Frazier,1,1,0,2
Hermann Engelhard,1,0,1,2
Hestrie Storbeck-Cloete (-Els),0,0,2,2
Hezekiah Munyoro Nyamau,0,1,1,2
Hilda Gwendolyn Strike (-Sisson),0,0,2,2
"Hildegard Falck (Janze-, -Kimmich)",1,1,0,2
Hollis Conway,1,0,1,2
Howard Van Nostrand Valentine,0,1,1,2
Igor Aramovich Ter-Ovanesyan,2,0,0,2
Igor Leonidovich Trandenkov,0,0,2,2
Igor Vyacheslavovich Astapkovich,1,0,1,2
Imre Nmeth,1,1,0,2
"Inesa Mykolavna Kravets (Shuliak-, -Izvachuk)",0,1,1,2
Ingeborg "Inge" Helten,1,0,1,2
Ingrid Mickler-Becker (-Inglau),0,2,0,2
Iolanda Bala (-Ster),0,2,0,2
Irina Natanovna Press,0,2,0,2
Istvn (Stefan) Mudin,1,0,1,2
Ivan Grigoryevich Tikhon,1,0,1,2
Ivanka Marinova Khristova (Todorova-),1,1,0,2
Ivo Van Damme,0,0,2,2
JEFFERSON Melissa,1,1,0,2
Jacek Roman Wszoa,0,1,1,2
Jack Wells Davis,0,0,2,2
Jadwiga Wajs-Marcinkiewicz (-Grtkiewicz),1,0,1,2
James Edwin "Ted" Meredith,0,2,0,2
James Emanuel "Jim" Fuchs,2,0,0,2
James Francis "Jim" Thorpe,0,2,0,2
James Randel "Randy" Matson,0,1,1,2
James Ray "Jim" Hines,0,2,0,2
James Wilson,1,0,1,2
Javier Sotomayor Sanabria,0,1,1,2
Jean Chastani,1,0,1,2
Jefferson Leonardo Prez Quezada,0,1,1,2
Jennifer "Jenn" Stuczynski-Suhr,0,1,1,2
Jessica Phyllis Ennis-Hill,0,1,1,2
Joaquim Carvalho Cruz,0,1,1,2
Jocelyn Delecour,2,0,0,2
Johanna Schaller-Klier,0,1,1,2
John Adolf Fredrik Zander,1,0,1,2
John Arthur Biller,1,0,1,2
John Carl Godina,1,0,1,2
John Carlyle "Johnny" Garrels,1,0,1,2
John Curtis Thomas,1,0,1,2
John Edward "Jack" London,1,0,1,2
John Fredrik Mikaelsson,0,2,0,2
John Gates Powell,2,0,0,2
John Hugh Cooper,0,0,2,2
John Lincoln Eisele,1,0,1,2
John Paul Lyndon Regis,1,0,1,2
John Thomas "Jack" Rimmer,0,2,0,2
John Wicktor Eke (Jonsson-),1,1,0,2
Jonathan A. "Jon" Drummond,0,1,1,2
Jonathan David Edwards,0,1,1,2
Joo Carlos de Oliveira,2,0,0,2
Joonas "Jonni" Myyr,0,2,0,2
Joseph Francis Stadler,1,0,1,2
Joseph Guillemot,0,1,1,2
Joseph Tilford Lee "Joe" Greene,2,0,0,2
"Josiah Calvin McCracken, Jr.",1,0,1,2
Jrgen Schult,0,1,1,2
Jri Tamm,2,0,0,2
Judith "Jutta" Heine,0,0,2,2
Juho Julius Saaristo,0,1,1,2
Julius Sang,1,1,0,2
"June Florence Foulds-Paul (-Carroll, -Reynolds)",1,0,1,2
Juris Silovs,1,0,1,2
Jzef Szmidt (-Schmidt),0,2,0,2
KELLY Hannah,2,0,0,2
KIPYEGON Faith,0,1,1,2
KLAVER Lieke,0,1,1,2
Kaarlo Hannes Maaninka,1,0,1,2
Karel Lismont,1,0,1,2
Karin Richert-Balzer,1,1,0,2
Karl Arthur Jonath,1,0,1,2
Karl-Friedrich Haas,1,0,1,2
Kathleen "Kathy" Hammond (-Tyson),1,0,1,2
Kathrin Neimke,1,0,1,2
Kathryn Joan "Kate" Schmidt,2,0,0,2
Kemar Bailey-Cole,0,2,0,2
Keshorn Walcott,1,1,0,2
Keston Bledman,0,1,1,2
Khrysopigi "Pigi" Devetzi,1,0,1,2
Kimberly Ann "Kim" Gallagher,1,0,1,2
Kirani James,0,1,1,2
Kjersti Tysse-Pltzer,0,0,2,2
Knut Andreas Lindberg,0,0,2,2
Koji Alexander Murofushi,1,1,0,2
LITTLE Shamier,0,1,1,2
LYLES Noah,1,1,0,2
Lacey Earnest Hearn,1,0,1,2
Lajos Gnczy (Grn-),1,0,1,2
Lalonde Keida Gordon,2,0,0,2
Lars Peter Riedel,0,1,1,2
Lauri Aleksanteri Lehtinen,0,1,1,2
Lauri Johannes "Lasse" Virtanen,2,0,0,2
Lauryn Chenet Williams,0,1,1,2
Lawrence Dean "Larry" Young,2,0,0,2
Lawrence Jeffery "Larry" Black,0,1,1,2
Lee Edward Evans,0,2,0,2
Lee Quincy Calhoun,0,2,0,2
Lennox Valencia Miller,1,0,1,2
Leonel Surez Fajardo,2,0,0,2
Leonid Volodymyrovych Barteniev,0,0,2,2
Leroy Braxton "Roy" Cochran,0,2,0,2
Lewis Pendleton Sheldon,2,0,0,2
Liliya Foatovna Nurutdinova,0,1,1,2
Lillian Copeland (Drossin-),0,1,1,2
Lillie Mae Leatherwood (-King),0,1,1,2
Lindy John Remigino,0,2,0,2
Liudmyla Stanislavivna Dzhyhalova,0,2,0,2
Lloyd Barrington LaBeach,2,0,0,2
Loren Murchison,0,2,0,2
Lorraine Graham (-Fenton),0,0,2,2
Louis Albert Corey,0,0,2,2
Luigi Beccali,1,1,0,2
Lyudmila Andreyevna Kondratyeva (-Sedykh),1,1,0,2
MARTIN Alvaro,1,1,0,2
MONTAG Jemima,2,0,0,2
MOORE Jasmine,2,0,0,2
Mac Maurice Wilkins,0,1,1,2
Madeline Manning-Jackson (-Mims),0,1,1,2
Maksim Vladimirovich Tarasov,1,1,0,2
Manfred Kinder,1,0,1,2
Marc Burns,0,1,1,2
Margitta Helmbold-Gummel,0,1,1,2
Maria Fernanda Moreira Ribeiro,1,1,0,2
Maria Sander (Domagala-),1,0,1,2
Maria de Lurdes Mutola,1,1,0,2
"Marianne Werner (Schulze-Entrup-, -Ader)",1,0,1,2
Maricica Puic (Luca-),1,1,0,2
Marion Lawrence "Larry" Shields,1,1,0,2
Marita Arthur Payne Wiggins,0,0,2,2
Marita Koch (-Meier),0,1,1,2
Mariya Dimitrova Vergova-Petkova,0,0,2,2
Marjorie Jackson (-Nelson),0,2,0,2
Mark Ashton Richardson,1,0,1,2
Mark James Crear,1,0,1,2
Marlene Elejarde Daz,1,0,1,2
Marlene Judith Mathews-Willard (-O'Shea),2,0,0,2
Marquis Franklin "Bill" Horr,1,0,1,2
Martinus Bernardus "Tinus" Osendarp,2,0,0,2
McLAUGHLIN-LEVRONE Sydney,0,2,0,2
Melissa Renee Morrison (-Howard),2,0,0,2
Melvin Emery "Mel" Patton,0,2,0,2
Michael Alexander "Mike" Conley,0,1,1,2
Michael Anthony "Mike" Powell,0,0,2,2
Michael Denny "Mike" Larrabee,0,2,0,2
Michael L. McDonald,1,0,1,2
Michelle Burgher,1,0,1,2
Mihaela Pene (-Brandsdorfer),0,1,1,2
Mikhail M. Dorizas,1,0,1,2
"Millard Frank Hampton, Jr.",0,1,1,2
Milton Gray "Milt" Campbell,0,1,1,2
Mirela Maniani-Tzelili,1,0,1,2
Mokgadi Caster Semenya,0,1,1,2
Monika Zehrt (-Landgraf),0,2,0,2
Monique Hennagan,0,2,0,2
Monique Marie Henderson,0,2,0,2
Morris Marshall Kirksey,0,1,1,2
Mutaz Essa Barshim,1,0,1,2
Mykola Viktorovych Avilov,1,1,0,2
NIELSEN Laviai,2,0,0,2
NORWOOD Vernon,0,1,1,2
Nabiba Naftali Temu,1,1,0,2
Nadezhda Khnik'ina-Dvalishvili,2,0,0,2
Nadiya Fedorivna Olizarenko (Mushta-),1,1,0,2
Naoto Tajima,1,1,0,2
Nataliya Ivanovna Sadova (Kaptyukh-),0,1,1,2
Nataliya Valeryevna Bochina,0,0,2,2
Nataliya Vyacheslavovna "Natasha" Sazanovich,1,0,1,2
Natasha Monique Hastings,0,2,0,2
Nicholas Ian "Nick" Willis,1,0,1,2
Nigel Chase Barker,2,0,0,2
Nils Erik Engdahl,1,0,1,2
Nils Georg berg,1,0,1,2
Nkemdilim "Mary" Onyali-Omagbemi,2,0,0,2
Nlson Prudncio,1,0,1,2
Norman Frederick Hallows,1,1,0,2
Norman Gilbert Pritchard (-Trevor),0,0,2,2
Norman Stephen "Norm" Taber,1,1,0,2
Olesya Nikolayevna Zykina,1,0,1,2
Olga Nikolayevna Kaniskina,0,1,1,2
Olga Pavlovna Syrovatskaya-Mineyeva,0,1,1,2
Olga Sergeyevna Kuzenkova,0,1,1,2
Olga Sergeyevna Rypakova (Alekseyeva-),1,1,0,2
Ollie Genoa Matson,1,0,1,2
Osleidys Menndez Sez,1,1,0,2
"Othilie ""Tilly"" Fleischer (-Heuser, -Grote)",1,1,0,2
Otis Crandall Davis,0,2,0,2
"Otis Harris, Jr.",0,1,1,2
Otis Paul Drayton,0,1,1,2
PEETERS Cathelijn,0,1,1,2
PEREZ Maria,0,1,1,2
PINTADO Brian Daniel,0,1,1,2
Pamela "Pam" Kilborn-Ryan (-Nelson),1,0,1,2
Patrick "Pat" O'Callaghan,0,2,0,2
Patrick James "Paddy" Ryan,0,1,1,2
Patrick Joseph "Pat" Leahy,1,0,1,2
Paul Ezekiel Bitok,0,0,2,2
Paul Kibii Tergat,0,0,2,2
Paula Ivan (-Ilie),0,1,1,2
Percy Alfred Williams,0,2,0,2
Percy Hodge,0,1,1,2
Peter Frank Radford,2,0,0,2
Peter Frenkel,1,1,0,2
Peter O'Connor,0,1,1,2
Petra Mller (-Schersing),1,0,1,2
Piotr Maachowski,0,0,2,2
Platt Adams,0,1,1,2
Primo Kozmus,0,1,1,2
Quincy Dushawn Watts,0,2,0,2
REARDON Samuel,2,0,0,2
RICHARDSON Sha'carri,0,1,1,2
Rafer Lewis Johnson,0,1,1,2
Ral Gonzlez Rodrguez,0,1,1,2
Ralph Cook Craig,0,2,0,2
Ramon Salomon Miller,0,1,1,2
Randel Lavelle "Randy" Williams,0,1,1,2
Raymond James "Ray" Barbuti,0,2,0,2
Rbson Caetano da Silva,2,0,0,2
Reinhold William Eugen Petersson (-Bjrneman),1,1,0,2
Renaud Lavillenie,0,1,1,2
Richard "Dick" Sheldon,1,1,0,2
Rita Jahn-Wilden,1,0,1,2
Robert "Bobby" Kerr,1,1,0,2
Robert Bruce "Bob" Mathias,0,2,0,2
Robert Earl Johnson,1,0,1,2
Robert James Taylor,0,1,1,2
Robert Lee "Bob" Hayes,0,2,0,2
Robert Lloyd "Bob" Seagren,0,1,1,2
Robert Sedgewick Stangland,2,0,0,2
Rochelle Stevens,0,1,1,2
Roger Nona Kingdom,0,2,0,2
Rolf Danneberg,1,1,0,2
Roman ebrle,0,1,1,2
Romas Ubartas,0,1,1,2
Romuald Iosifovich Klim,0,1,1,2
"Ronald John ""Ron"" Freeman, III",1,1,0,2
Rosa Mara Correia dos Santos Mota,1,1,0,2
Rosemarie Whyte,2,0,0,2
"Ruth Fuchs (Gamm-, -Hellmann)",0,2,0,2
Sad Aouita,1,1,0,2
Sally Jane Janet Gunnell (-Bigg),1,1,0,2
Sally McLellan-Pearson,0,1,1,2
"Samuel Louis ""Sam"" Graddy, III",0,1,1,2
Sandra Perkovi,0,2,0,2
Savatheda Fynes,0,1,1,2
Sergey Aleksandrovich Makarov,2,0,0,2
Sergey Nikolayevich Litvinov,0,1,1,2
Shereefa Lloyd,2,0,0,2
Shericka Jackson,1,0,1,2
Sherri Frances Howard,0,1,1,2
Shuhei Nishida,0,0,2,2
Sidney James Montford "Sid" Atkinson,0,1,1,2
Sileshi Mekuria Sihine,0,0,2,2
Silvia Chivs Bar,2,0,0,2
"Stanisawa Walasiewicz (-Walsh, -Olson)",0,1,1,2
"Stefka Georgieva Kostadinova (-Petrova, -Popovasileva)",0,1,1,2
Stephen Michael John "Steve" Ovett,1,1,0,2
Svensk Hjalmar Zakeus Andersson,0,1,1,2
Svetlana Aleksandrovna Masterkova,0,2,0,2
Svetlana Yevgenyevna Feofanova,1,0,1,2
TEBOGO Letsile,0,1,1,2
Tadeusz lusarski,0,1,1,2
Tatyana Mikhaylovna Ledovskaya,0,1,1,2
Tatyana Sergeyevna Chernova,2,0,0,2
Tatyana Vladimirovna Kotova,2,0,0,2
Terrence R. Trammell,0,0,2,2
Tetiana Vasylivna Prorochenko (-Burakova),1,1,0,2
Thomas "Tommy" Hampson,0,1,1,2
Thomas Edmund "Tom" Burke,0,2,0,2
"Thomas Edward ""Eddie"" Tolan, Jr.",0,2,0,2
Thomas Truxtun Hare,1,0,1,2
Thomas William "Tom" Courtney,0,2,0,2
Timothy "Tim" Montgomery,0,1,1,2
Tomasz Majewski,0,2,0,2
Tony McQuay,0,1,1,2
Tsvetanka Mincheva Khristova,1,0,1,2
Udo Beyer,1,1,0,2
Ulrike Meyfarth (-Nasse),0,2,0,2
Urho Pellervo Peltonen,1,0,1,2
Valentina Mikhaylovna Yegorova (Vasilyeva-),0,1,1,2
Valery Nikolayevich Brumel,0,1,1,2
Vasily Dmitriyevich Kuznetsov,2,0,0,2
Vera Vasilyevna Anisimova (Mikheyeva-),1,0,1,2
Vera Yakovlevna Komisova (Nikitina-),0,1,1,2
Vicente Lenlson de Lima,1,0,1,2
Viktor Fyodorovich Markin,0,2,0,2
Viktor Serhiyovych Tsybulenko,1,1,0,2
Vincent Edward "Vince" Matthews,0,2,0,2
Vincent Franz Harry Edward,2,0,0,2
Vitold Anatolyevich Kreyer,2,0,0,2
Vladimir Georgiyevich Sukharev,0,0,2,2
Vladimir Pavlovich Muravyov,0,2,0,2
Volker Beck,0,1,1,2
Volodymyr Petrovych Kuts,0,2,0,2
WILLIAMS Jodie,2,0,0,2
WILSON Quincy,0,1,1,2
Walter Dix,2,0,0,2
Wang Junxia,0,1,1,2
Wang Zhen,1,1,0,2
Wendell Adrian Mottley,1,0,1,2
Wilbur D. "Willie" Davenport,1,1,0,2
Wilhelmina Catherine "Billie" von Bremen (-Asch),1,1,0,2
Willem Frederik "Wim" Slijkhuis,2,0,0,2
William "Billy" Cottrill,2,0,0,2
William Arthur "Bill" Carr,0,2,0,2
William Franklyn "Bill" Verner,0,0,2,2
William Henry "Bill" Nieder,0,1,1,2
William Raymond Seagrove,0,0,2,2
William Reuben "Willie" Applegarth,1,1,0,2
Willye Brown White,0,0,2,2
Wilson Arap Chuma Kiprugut,1,0,1,2
Wilson Kosgei Kipketer,1,0,1,2
Wincatherine Nyambura "Catherine" Ndereba,0,0,2,2
Winthrop Graham,0,0,2,2
Wolfgang Nordwig,1,1,0,2
YEARGIN Nicole,2,0,0,2
Yelena Nikolayevna Nikolayeva (Kuznetsova-),0,1,1,2
Yelena Yegorovna Gorchakova,2,0,0,2
Yipsi Moreno Gonzlez,0,0,2,2
Yordanka Blagoeva Ivanova,1,0,1,2
Yordanka Lyubchova Donkova,1,1,0,2
Yuko Arimori (-Wilson),1,0,1,2
Yury Semyonovich Konovalov,0,0,2,2
Zhang Wenxiu,1,0,1,2
ABDI Bashir,0,0,1,1
ADJIBI Eliezer,0,1,0,1
ALEKNA Mykolas,0,0,1,1
ALLMAN Valarie,0,1,0,1
AREGAWI Berihu,0,0,1,1
AROP Marco,0,0,1,1
ASEMOTA Duan,0,1,0,1
ASHER-SMITH Dina,0,0,1,1
ASSEFA Tigst,0,0,1,1
AZU Jeremiah,1,0,0,1
Aaron Brown,1,0,0,1
Aaron Egbele,1,0,0,1
Aaron Nigel Armstrong,0,1,0,1
Abderrahmane Hammad Zaheer,1,0,0,1
Abdoulaye "Abdou" Sye Papa,1,0,0,1
Abel Kiprop Mutai,1,0,0,1
Abel Kirui,0,0,1,1
Adalberts Bubenko,1,0,0,1
Adam Beattie Gunn,0,0,1,1
Addis Abebe,1,0,0,1
Ade Franci Alleyne-Forte,1,0,0,1
Adolphe Gaston Ragueneau,0,0,1,1
Adrian Peter Metcalfe,0,0,1,1
Agnes Osazuwa (-Olatunji),1,0,0,1
Ahmed Muhammad Boughera El Ouafi,0,1,0,1
Ahmed Salah Houssein,1,0,0,1
Aigars Fadejevs,0,0,1,1
Aikaterini "Ekaterini" Stefanidi,0,1,0,1
Aikaterini Thanou,0,0,1,1
Aileen Aletha Meagher,1,0,0,1
Ainrs Kovals,0,0,1,1
Akeem Haynes,1,0,0,1
Alajos (Aljoz) Szokoly (-Szokol),1,0,0,1
Alan Boone Helffrich,0,1,0,1
Alan Peter Pascoe,0,0,1,1
Alastair McCorquodale,0,0,1,1
Albert Alphonse Champoudry,0,0,1,1
Albert Clinton Tyler,0,0,1,1
Albert Lawrence,0,0,1,1
Albert Lovejoy Gutterson,0,1,0,1
Alberto Cova,0,1,0,1
Albin Georges Lermusiaux,1,0,0,1
Aleen May Bailey,0,1,0,1
Aleksander Klumberg (-Kolmpere),1,0,0,1
Aleksander Tammert,1,0,0,1
Aleksandr Aleksandrovich Anufriyev,1,0,0,1
Aleksandr Fyodorovich Makarov,0,0,1,1
Aleksandr Nikolayevich Puchkov,1,0,0,1
Aleksandr Olegovich Kornelyuk,0,0,1,1
Aleksandr Yuryevich Kovalenko,1,0,0,1
Aleksandra Andreyevna Fedoriva,0,1,0,1
Aleksey Nikolayevich Voyevodin,1,0,0,1
Aleksey Sergeyevich Spiridonov,0,0,1,1
Alessandro "Sandro" Bellucci,1,0,0,1
Alessandro Andrei,0,1,0,1
Alessandro Lambruschini,1,0,0,1
Alex Schwazer,0,1,0,1
Alexander Thieme,0,0,1,1
Alexandre Casimir Charles Poulenard,0,0,1,1
Alfred Carleton "A. C." Gilbert,0,1,0,1
Alfred Dompert,1,0,0,1
Alfred Hearn Healey,0,0,1,1
Alfred Hilborn "Al" Bates,1,0,0,1
Alfred Hubert Nichols,0,0,1,1
Alfred Kirwa Yego,1,0,0,1
Alfred Lord "Al" Fitch,0,0,1,1
Alfredrick Alphonzo "Al" Joyner,0,1,0,1
Ali Ezzine,1,0,0,1
Ali Sadi-Sief,0,0,1,1
Alice Marie Coachman (-Davis),0,1,0,1
"Alina (Galina-) Astafei (-Stavariu, -Kreiig)",0,0,1,1
Allan Cleave Evan Lawrence,1,0,0,1
Allen Kenneth Johnson,0,1,0,1
Allen Woodring,0,1,0,1
Alma Wilford Richards,0,1,0,1
Alonzo Russell,1,0,0,1
Alvah T. Meyer,0,0,1,1
Amelia Piccinini,0,0,1,1
Amos Kipwabok Biwott,0,1,0,1
Ana Gabriela Guevara Espinoza,0,0,1,1
Anatoly Arkadyevich Mikhaylov,1,0,0,1
Anatoly Vasilyevich Samotsvetov,1,0,0,1
Andr Castanet,0,0,1,1
Andr Lamar Phillips,0,1,0,1
Andr Lauseig,1,0,0,1
Andr mile Devaux,1,0,0,1
Andrae Williams,0,0,1,1
Andrea Arlene Anderson (-Bolder),0,1,0,1
Andreas Knebel,0,0,1,1
Andrej Tiwontschik,1,0,0,1
Andretti "Dretti" Bain,0,0,1,1
Andrew Rock,0,1,0,1
Andrew Steele,1,0,0,1
Andrey Aleksandrovich Silnov,0,1,0,1
Andrey Borisovich Perlov,0,1,0,1
Andrey Khakimovich Abduvaliyev,0,1,0,1
Andrey Sergeyevich Kravchenko,0,0,1,1
Andrey Vasilyevich Prokofyev,0,1,0,1
Andria Lloyd,1,0,0,1
Andrs Simn Gmez,1,0,0,1
Andrzej Franciszek Zieliski,0,0,1,1
Andrzej Stanisaw Badeski,1,0,0,1
Anette Rckes (-Vater-Hlsdnker),1,0,0,1
Angela Bailey,0,0,1,1
Angela Frances Chalmers (-Espinoza),1,0,0,1
Angela Voigt (Schmalfeld-),0,1,0,1
Angella Marie Taylor-Issajenko,0,0,1,1
Angla Nmeth-Rnky,0,1,0,1
Anioara Stanciu-Cumir,0,1,0,1
Anita Mrton,1,0,0,1
Anja Rcker,1,0,0,1
Anke Behmer (Vater-),1,0,0,1
Ann-Britt Leyman (-Olsson),1,0,0,1
Anna Ella Amalie "Anni" Holdmann (-Wierth),1,0,0,1
Anna Rogowska,1,0,0,1
Annamria Kovcs-Tth,1,0,0,1
Anne Pashley (-Irons),0,0,1,1
"Annegret ""Anne"" Kroniger (-Boller-, -Wolf)",0,0,1,1
Anneisha McLaughlin-Whilby,0,0,1,1
Anneliese Ehrhardt (Jahns-),0,1,0,1
Anni Biechl (-Capeller),0,0,1,1
Anni Steuer (-Ludewig),0,0,1,1
Antal Kiss,0,0,1,1
Antal Rka,1,0,0,1
Antanas Miknas,0,0,1,1
Anthony "Anton" Hegarty,0,0,1,1
Anthony "Tony" Sharpe,1,0,0,1
Anthony Eugene "Tonie" Campbell,1,0,0,1
Anthony Michael "Tony" Dees,0,0,1,1
Anthony William "Nick" Winter,0,1,0,1
Anthuan Maybank,0,1,0,1
Antnio Carlos Carvalho Nogueira Leito,1,0,0,1
Antoine Richard,1,0,0,1
Antonina Nikolayevna Okorokova-Lazareva,0,0,1,1
Antonina Vladimirovna Krivoshapka,0,0,1,1
Antonio Pealver Asencio,0,0,1,1
Antonio Siddi,1,0,0,1
Antti Hermanni Ruuskanen,1,0,0,1
Antti Tapani Kalliomki,0,0,1,1
Archibald Franklin "Archie" Williams,0,1,0,1
Ardalion Vasilyevich Ignatyev,1,0,0,1
Argentina Menis,0,0,1,1
Aries D'Andre Merritt,0,1,0,1
Arlie Alfred Schardt,0,1,0,1
Arman Hall,0,1,0,1
Armand Alexandre Fayollat,1,0,0,1
Armas Adam Toivonen,1,0,0,1
Arnaldo de Oliveira da Silva,1,0,0,1
Arne Per hman,0,1,0,1
Arnold Nugent Strode Jackson (-Strode-Jackson),0,1,0,1
Arsi Ilari Harju,0,1,0,1
Arsne Claude Mnard,1,0,0,1
Arthur "Art" Barnard,1,0,0,1
Arthur Addison "Art" Studenroth,0,0,1,1
Arthur Barrington "Barry" Magee,1,0,0,1
Arthur Briggs "Art" Shaw,1,0,0,1
Arthur Charles Blake,0,0,1,1
Arthur Ernst Hoffmann,0,0,1,1
Arthur Espie Porritt,1,0,0,1
Arthur Harold "Art" Harnden,0,1,0,1
Arthur Russell,0,1,0,1
Arthur T. Clark,0,0,1,1
Arthur Tell Schwab,0,0,1,1
Arto Kalervo Bryggare,1,0,0,1
Arto Kalevi Hrknen,0,1,0,1
Artur Hjalmar Slve Svensson,0,0,1,1
Arvid Folke Alnevik (Andersson-),1,0,0,1
Arvo Askola,0,0,1,1
Asafa Kehine Powell,0,1,0,1
Asbel Kipruto Kiprop,0,1,0,1
Asha Solette Philip,1,0,0,1
Ashley Spencer,1,0,0,1
Asl akr (-Alptekin),0,1,0,1
Asnoldo Vicente Devonish Romero,1,0,0,1
Assa Djabir Sad-Guerni,1,0,0,1
Assefa Mezgebu,1,0,0,1
Asuka Antonio "Aska" Cambridge,0,0,1,1
Athanasia Tsoumeleka,0,1,0,1
Audrey "Mickey" Patterson (-Tyler),1,0,0,1
Audrey Doreen Swayne Williamson (-Mitchell),0,0,1,1
Audrey Kathleen Kilner Brown (-Court),0,0,1,1
Audun Boysen,1,0,0,1
August Georg "Gus" Desch,1,0,0,1
August Oliver "Gus" Fager (Fagerstrm-),0,0,1,1
Augustus Russell "Gus" Pope,1,0,0,1
Austra Skujyt,0,0,1,1
Axel Leander Lindahl,0,1,0,1
BAILEY Christopher,0,1,0,1
BARSHIM Mutaz Essa,1,0,0,1
BATTOCLETTI Nadia,0,0,1,1
BEDNAREK Kenneth,0,0,1,1
BELL Georgia,1,0,0,1
BLAKE Jerome,0,1,0,1
BOERS Isayah,0,1,0,1
BONFIM Caio,0,0,1,1
BROADBELL Rasheed,1,0,0,1
BROWN Aaron,0,1,0,1
BROWN Brittany,1,0,0,1
BURGHARDT Alexandra,1,0,0,1
BUTLER Aaliyah,0,1,0,1
Balzs Kiss,0,1,0,1
Barbara Hannah Anita Burke (-Knight),0,0,1,1
Barbara Krug,0,0,1,1
Barbara Lerczak-Janiszewska-Sobotta (-Nowicka),1,0,0,1
Basil Robert Bennett,1,0,0,1
Beate Koch,1,0,0,1
Beatrice Utondu (-Okoye),1,0,0,1
Benita P. Fitzgerald-Brown (-Mosley),0,1,0,1
Benjamin Bangs "Ben" Eastman,0,0,1,1
Benjamin Basil Heatley,0,0,1,1
Benjamin Gene "Benny" Brown,0,1,0,1
Benjamin Kipkurgat Arap Kogo,0,0,1,1
"Benjamin Van Doren ""Ben"" Hedges, Jr.",0,0,1,1
Benjamin Wabura "Ben" Jipcho,0,0,1,1
Bernard Laidebeur,1,0,0,1
Bernardo Segura Rivera,1,0,0,1
Bernd Cullmann,0,1,0,1
Bernd Gerhard Kannenberg,0,1,0,1
Bernhard Erich "Bernd" Herrmann,1,0,0,1
Bershawn D. Jackson,1,0,0,1
Bertha "Puck" Brouwer (-van Duyne),0,0,1,1
Bertil Gustaf Emanuel Ohlson,1,0,0,1
Bertil Gustafsson Uggla,1,0,0,1
Bertland "Bert" Cameron,0,0,1,1
Bertram Hector "Bert" Macdonald,0,0,1,1
Betty Heidler,1,0,0,1
Betty Lindsay McKinnon,0,0,1,1
Bianca Knight,0,1,0,1
Birut Kaldien (Zalogaityt-),1,0,0,1
Bjrn Andreas Paulson,0,0,1,1
Bjrn Otto,0,0,1,1
Bjrn Richard "Ricky" Bruch,1,0,0,1
Bla (Vojtech-) Szepes (Strauch-),0,0,1,1
Bla Goldovnyi,1,0,0,1
Blessing Okagbare (-Ighoteguonor),1,0,0,1
Bo Daniel Ekelund,1,0,0,1
Bo Henning Gustafsson,0,0,1,1
Bobby-Gaye Wilkins (-Gooden),1,0,0,1
Bodo Johannes Kuhn,1,0,0,1
Bodo Tmmler,1,0,0,1
Bohdan Viktorovych Bondarenko,1,0,0,1
Boniface Mucheru Tumuti,0,0,1,1
Boniface William Mutwol,1,0,0,1
Brahim Lahlafi,1,0,0,1
Brbel Struppert (Schrickel-),0,0,1,1
Brenda Jones (-Carr),0,0,1,1
Brendan Foster,1,0,0,1
Brendon Rodney,1,0,0,1
Brian Lee Diemer,1,0,0,1
Brian M. Lewis,0,1,0,1
Brianna Rollins,0,1,0,1
Brianne Theisen-Eaton,1,0,0,1
Brigetta LaShea Barrett,0,0,1,1
Brigita Bukovec,0,0,1,1
Brigitte Rohde (-Khn),0,1,0,1
"Brigitte Wujak (Knzel-, -Pretzschner)",0,0,1,1
Bror Ingemar Ture Johansson,0,0,1,1
Brunhilde Hendrix (-Ramsauer),0,0,1,1
Bruno Lins Tenrio de Barros,1,0,0,1
Bruno Marie-Rose,1,0,0,1
Bruny Surin,0,1,0,1
Brutus Kerr Hamilton,0,0,1,1
Bryshon Lorenzo Nellum,0,0,1,1
CAMACHO-QUINN Jasmine,1,0,0,1
CAMPBELL Rajindra,1,0,0,1
CARVELL Charlie,1,0,0,1
CHEMUTAI Peruth,0,0,1,1
CHEPTEGEI Joshua,0,1,0,1
CHEROTICH Faith,1,0,0,1
CHOPRA Neeraj,0,0,1,1
COCKRELL Anna,0,0,1,1
COWLEY Rhydian,1,0,0,1
CROUSER Ryan,0,1,0,1
Cai Zelin,0,0,1,1
Calvin B. Davis,1,0,0,1
Carl Albert Andersen,1,0,0,1
Carl Edward Johnson,0,0,1,1
Carl Gustaf Olof Wejnarth,0,0,1,1
Carl Josef Ternstrm,0,1,0,1
"Carl Oliver, Jr.",1,0,0,1
Carl-Ludwig Hermann "Luz" Long,0,0,1,1
Carla Bodendorf (Rietig-),0,1,0,1
Carlo Monti,1,0,0,1
Carlos Mercenario Carbajal,0,0,1,1
Carlton Chambers,0,1,0,1
Carmen Laura Valds Capote,1,0,0,1
"Carole Louise Quinton (-Barr, -Kibble-White)",0,0,1,1
Carolina Anna "Lien" Gisolf (-Verdam),0,0,1,1
Carolina Evelyn Klft,0,1,0,1
Catherine "Cathy" Hardy (-Lavender),0,1,0,1
Catherine Pomales-Scott (Blackwood-),0,0,1,1
Cecil Charles McMaster,1,0,0,1
Cecil Richmond Griffiths,0,1,0,1
"Celina Jesionowska (-Gerwin, -Orzechowska)",1,0,0,1
Charity Opara (-Asonze),0,0,1,1
Charles "Charlie" Simpkins,0,0,1,1
Charles "Charlie" Spedding,1,0,0,1
Charles Allen Austin,0,1,0,1
Charles Augustus Hefferon,0,0,1,1
Charles Edward "Charley" Borah,0,1,0,1
Charles Edward "Joe" Blewitt,0,0,1,1
Charles Edward Dvorak,0,1,0,1
Charles Edward James "Charlie" Gunn,1,0,0,1
Charles English McGinnis,1,0,0,1
Charles Everett "Charlie" Dumas,0,1,0,1
Charles Georg Lomberg,0,0,1,1
Charles Henry Stuart Gmelin,1,0,0,1
"Charles James Bacon, Jr.",0,1,0,1
Charles Lambert Redd,0,0,1,1
"Charles Lamont ""Chip"" Jenkins, Jr.",0,1,0,1
Charles Louis Lelong,0,0,1,1
Charles Michael Porter,0,0,1,1
Charmaine A. Crooks (-Thorsen),0,0,1,1
Charmaine L. Howell,0,0,1,1
Chen Ding,0,1,0,1
Chen Yueling,0,1,0,1
Cheryl Renee Toussaint (-Eason),0,0,1,1
Chi (-Reel) Cheng,1,0,0,1
Chioma Ajunwa (-Opara),0,1,0,1
Chrisann Gordon,0,0,1,1
Christania Williams,0,0,1,1
Christeana Cojocaru (-Matei),1,0,0,1
Christian Cantwell,0,0,1,1
Christian Schenk,0,1,0,1
"Christiane Krause (-Stallasch, -Todd)",0,1,0,1
Christiane Stoll-Wartenberg,0,0,1,1
Christina Heinich (-Schiffner),0,0,1,1
Christina Sussiek (-Echte),1,0,0,1
Christine Arron,1,0,0,1
Christine Bodner-Laser,0,0,1,1
Christine Wachtel (-Guth),0,0,1,1
Christoph Harting,0,1,0,1
Christoph Hhne,0,1,0,1
Christopher A. "Chris" Williams,0,0,1,1
Christopher Allen "Chris" Huffins,1,0,0,1
Christopher Vose,0,0,1,1
Christopher William "Chris" Brasher,0,1,0,1
Christopher William "Chris" Gitsham,0,0,1,1
Christy Opara-Thompson,1,0,0,1
Chukwudi "Chidi" Imoh,0,0,1,1
Clare Stephen Jacobs,1,0,0,1
Clarence Chester Childs,1,0,0,1
Clarence Darrow Hooper,0,0,1,1
Clarence H. Callender,0,0,1,1
Clarence Harrison DeMar,1,0,0,1
Clarence Winston Oldfield,0,0,1,1
"Claudia Hildegard Zaczkiewicz (Reidick-, -Reidick)",1,0,0,1
Claudia Losch,0,1,0,1
Claudinei Quirino da Silva,0,0,1,1
Claus Schiprowski,0,0,1,1
Clayton Murphy,1,0,0,1
Clement Chukwu,0,1,0,1
Clicien Alexandre Roger Bambuck,1,0,0,1
Clifford Frederick "Cliff" Bourland,0,1,0,1
Clifton Emmett "Cliff" Cushman,0,0,1,1
Clinton Rory Hill,0,0,1,1
Cludio Roberto de Sousa,0,0,1,1
Clyde Luther Scott,0,0,1,1
Coby Miller,0,0,1,1
Colette Besson (-Nogus),0,1,0,1
Colin Ray Jackson,0,0,1,1
Commodore Shelton "Com" Cochran,0,1,0,1
Conseslus Kipruto,0,1,0,1
Constantina Di-Tomescu,0,1,0,1
Cornelius Cooper "Corny" Johnson,0,1,0,1
Cornelius Edward "Con" Walsh,1,0,0,1
Courtney Okolo,0,1,0,1
Craig Kline Dixon,1,0,0,1
Crew Hadlett Stoneley,0,0,1,1
Cynthia "Janay" DeLoach (-Soukup),1,0,0,1
Cyril Henry Atwell Porter,1,0,0,1
Cyril Norman Seedhouse,1,0,0,1
Cyril William Gill,1,0,0,1
"Cyrus J. ""Cy"" Young, Jr.",0,1,0,1
DAVIS Tamari,0,1,0,1
DAVIS-WOODHALL Tara,0,1,0,1
DENNY Matthew,1,0,0,1
DIAZ FORTUN Jordan Alejandro,0,1,0,1
DIAZ HERNANDEZ Andy,1,0,0,1
DOBSON Charles,1,0,0,1
DUGUMA Tsige,0,0,1,1
DUPLANTIS Armand,0,1,0,1
Dafne Schippers,0,0,1,1
Dagmar Ksling (-Lhnenschlo),0,1,0,1
Dagmar Neubauer (Rbsam-),1,0,0,1
Dainis Kla,0,1,0,1
Dalilah Muhammad,0,1,0,1
Damian Warner,1,0,0,1
Dana Wright,0,0,1,1
Dane Alex Bird-Smith,1,0,0,1
Daniel "Dan" Frank,0,0,1,1
Daniel Bautista Rocha,0,1,0,1
Daniel Chapin "Dan" Kinsey,0,1,0,1
Daniel Dion "Dan" O'Brien,0,1,0,1
Daniel Jasinski,1,0,0,1
Daniel Joseph "Dan" Kelly,0,0,1,1
Daniel Lee "Danny" Harris,0,0,1,1
Daniel Matasi Rudisha,0,0,1,1
Daniel Plaza Montero,0,1,0,1
Daniel Ren Claude Sangouma,1,0,0,1
Daniel Roger Vlasquez,1,0,0,1
Daniela Costian,1,0,0,1
Daniil Sergeyevich Burkenya,1,0,0,1
Daphne Arden (-Slater),1,0,0,1
Daphne Lilian Evelyn Robb-Hasenjger,0,0,1,1
Darnell Kenneth Hall,0,1,0,1
Darold Andre Williamson,0,1,0,1
Darvis Darell Patton,0,0,1,1
Darya Vitalyevna Pishchalnikova,0,0,1,1
Daryll Saskia Neita,1,0,0,1
Davian Dessaline Clarke,1,0,0,1
David Alan "Dave" Johnson,1,0,0,1
David Allan Grindley,1,0,0,1
David Andrew Jenkins,0,0,1,1
David Charles "Dave" Ottley,0,0,1,1
David Connolly "Dave" Hall,1,0,0,1
David Curtiss Munson,0,1,0,1
David Donald "Dave" Albritton,0,0,1,1
David Francis Lean,0,0,1,1
David Henry Jacobs,0,1,0,1
David Henry Jones,1,0,0,1
David Hugh Segal,1,0,0,1
David James "Dave" Wottle,0,1,0,1
David Lawson "Dave" Weill,1,0,0,1
David Lee "Dave" Steen,1,0,0,1
David Lester "Dave" Laut,1,0,0,1
David Luther "Dave" Roberts,1,0,0,1
David Oliver,1,0,0,1
David Storl,0,0,1,1
David Thorild Olsson,0,0,1,1
David Thorn Payne,0,0,1,1
David Verburg,0,1,0,1
David William "Dave" Power,1,0,0,1
David William "Dave" Sime,0,0,1,1
Davidson Ezinwa,0,0,1,1
Davis Kamoga,1,0,0,1
Dayron Robles Planes,0,1,0,1
De GRASSE Andre,0,1,0,1
"Debora Elaine ""Debra"" Sapenter (-Speight, -Christopher)",0,0,1,1
Debra Lee "Debbie" Flintoff-King,0,1,0,1
Deena Michelle Drossin-Kastor,1,0,0,1
Dejen Gebremeskel,0,0,1,1
Deji Aliu,1,0,0,1
Delfo Cabrera Gmez,0,1,0,1
Delos Packard Thurber,1,0,0,1
Demetrius Rashad Pinder,0,1,0,1
Denia Caballero Ponce,1,0,0,1
Denis Horgan,0,0,1,1
Denis Viktorovich Kapustin,1,0,0,1
Dennis Anthony Blake,1,0,0,1
Denys Serhiyovych Yurchenko,1,0,0,1
Deon Christopher Lendore,1,0,0,1
Derek Bruce Mills,0,1,0,1
Derrick Ralph Adkins,0,1,0,1
Desai Williams,1,0,0,1
Desiree Latifah N. Henry,1,0,0,1
Desmond Dalworth "Des" Koch,1,0,0,1
Devon Morris,0,0,1,1
Diamond Brittany Dixon,0,1,0,1
Diana Gansky (Sachse-),0,0,1,1
Diana Khristova Yorgova (-Prodanova),0,0,1,1
Dieter Lindner,0,0,1,1
Dietmar Mgenburg,0,1,0,1
Dilshod Nazarov,0,1,0,1
Dimitri David Bascou,1,0,0,1
Dimitrios P. Golemis,1,0,0,1
Dmitry Vasilyevich Karpov,1,0,0,1
Donald George "Don" Bragg,0,1,0,1
Donald James "Don" Thompson,0,1,0,1
Donald Robert "Don" Laz,0,0,1,1
Donald Stacey "Don" Linden,0,0,1,1
Dong Bin,1,0,0,1
Donna-Marie Louise Murray-Hartley (-Wass),1,0,0,1
Doris Maletzki (-Brachmann-),0,1,0,1
Dorothy Ada Shirley (-Emerson),0,0,1,1
Dorothy Elizabeth Anne "Dot" Brookshaw (-Marr),1,0,0,1
"Dorothy Gladys Manley (-Hall, -Parlett)",0,0,1,1
Dorothy Louise Ritter,0,1,0,1
Douglas Alistair Gordon Pirie,0,0,1,1
Douglas Wakiihuri Maina,0,0,1,1
Duncan Anderson McNaughton,0,1,0,1
Duncan Gillis,0,0,1,1
Duncan M. White,0,0,1,1
Duncan McPhee,0,0,1,1
Dwayne Eugene Evans,1,0,0,1
Dwight D. Phillips,0,1,0,1
Dylan Armstrong,1,0,0,1
ECHIKUNWOKE Annette Nneka,0,0,1,1
EL BAKKALI Soufiane,0,1,0,1
ELKASEVIC Sandra,1,0,0,1
ELLIS Kendall,0,1,0,1
EPPIE Lee Bhekempilo,0,0,1,1
Earl Holmes Bell,1,0,0,1
Earl John "Tommy" Thomson,0,1,0,1
Earl M. Jones,1,0,0,1
Earl Verdelle Young,0,1,0,1
Earl William Eby,0,0,1,1
Earle Elmer Meadows,0,1,0,1
Earlene Brown (Dennis-),1,0,0,1
Ebbe Gustav Bertil Albertsson (-Andersson),1,0,0,1
Eddy Jean Paul Ottoz (Dimichelis-),1,0,0,1
Edera Cordiale-Gentile,0,0,1,1
Edgar Allen "Ed" Ablowich,0,1,0,1
Edgar Itt,1,0,0,1
Edgardo Toetti,1,0,0,1
Edmund Franklin "Ed" Black,1,0,0,1
Eduard Viktorovich Gushchin,1,0,0,1
Edvin Erik Hellgren,0,1,0,1
Edvin Sigizmundovich Ozolin,0,0,1,1
Edward Adams Spencer,1,0,0,1
Edward Barton "Ed" Hamm,0,1,0,1
Edward Blake "Ed" Archibald,1,0,0,1
Edward Buckler "Ed" Kirby,1,0,0,1
Edward Chester "Ed" Glover,1,0,0,1
Edward James "Eddie" Hart,0,1,0,1
Edward James Toms,1,0,0,1
"Edward Julius ""Ed"" Caruthers, Jr.",0,0,1,1
"Edward Lansing ""Ed"" Gordon, Jr.",0,1,0,1
Edward Martin Dahl,1,0,0,1
Edward Orval "Ned" Gourdin,0,0,1,1
Edward Ralph "Teddy" Smouha,1,0,0,1
Edward Thomas "Eddie" O'Brien,0,0,1,1
"Edward Tiffin ""Ed"" Cook, Jr.",0,1,0,1
Edwin Cheruiyot Soi,1,0,0,1
Edwin Earl "Ed" Myers,1,0,0,1
Edwin Joseph Skinner,1,0,0,1
Eelis Eenok "Eeles" Landstrm,1,0,0,1
Egil Danielsen,0,1,0,1
Ehsan Haddadi,0,0,1,1
Eilidh Child-Doyle,1,0,0,1
Eino Alfred Purje (Borg-),1,0,0,1
Eino Penttil,1,0,0,1
Eino Seppl,0,1,0,1
Ejegayehu Dibaba Keneni,0,0,1,1
El Hadji Amadou Dia B,0,0,1,1
Elana Meyer (-van Zyl),0,0,1,1
Elemr Somfay (Stromfeld-),0,0,1,1
Elfi Zinn (Rost-),1,0,0,1
Elfriede Kaun (-Rahn),1,0,0,1
Elio Ragni,0,0,1,1
Elisa Rigaudo,1,0,0,1
Elisabetta Perrone,0,0,1,1
Eliza McCartney,1,0,0,1
"Elizabeth ""Liz"" McColgan (Lynch-, -Nuttall)",0,0,1,1
Elizabeth Garner "Betty" Taylor (-Campbell),1,0,0,1
Ellen Braumller (-Hassauer),0,0,1,1
Ellen Fiedler (Neumann-),1,0,0,1
Ellen Gezina Maria van Langen,0,1,0,1
Elliot John Bunney,0,0,1,1
Elvan Abeylegesse,0,0,1,1
Elvira Poekel (-Borchers),0,0,1,1
Elvra Ozolia (-Lse),0,1,0,1
Emerson Carlysle Norton,0,0,1,1
Emerson Lane "Bud" Spencer,0,1,0,1
Emiel Adrien "Miel" Puttemans,0,0,1,1
Emil Hirschfeld,1,0,0,1
Emil Magnusson,1,0,0,1
Emil Robert Voigt,0,1,0,1
Emil William Breitkreutz,1,0,0,1
Emilio Lunghi,0,0,1,1
Emily Jane Diamond,1,0,0,1
Emma Jane Coburn,1,0,0,1
Emmanuel McDonald Bailey,1,0,0,1
Ene Franca Idoko (-Isaac),1,0,0,1
English Gardner,0,1,0,1
Enrico Perucconi,1,0,0,1
Erba Tiki Gelana,0,1,0,1
Eref Apak,1,0,0,1
Erick Bernab Barrondo Garca,0,0,1,1
Erik Adolf Efraim Abrahamsson,1,0,0,1
Erik Brynolf Larsson,0,1,0,1
Erik Hjalmar Lundqvist,0,1,0,1
"Erik Kynard, Jr.",0,0,1,1
Erik Wilhelm "Erkka" Wiln,0,0,1,1
Erki Nool,0,1,0,1
Erkki Olavi Kataja,0,0,1,1
Ernest "Ernie" Harper,0,0,1,1
Ernest Glover,1,0,0,1
Ernest John Henley,1,0,0,1
Ernesto Ambrosini,1,0,0,1
Ernesto Canto Gudio,0,1,0,1
Ernst Gte Hagstrm,1,0,0,1
Ernst Ludwig Emanuel Schultz,1,0,0,1
Ernst Robert Efraim Fast,1,0,0,1
Ernst Theodor Wide,0,0,1,1
Ernst Willy Larsen,1,0,0,1
Ervin Henry "Erv" Hall,0,0,1,1
Erwin Blask,0,0,1,1
Erwin Gillmeister,1,0,0,1
Eshetu Tura,1,0,0,1
Esther B. Jones,0,1,0,1
Esther Cornelia Brand (van Heerden-),0,1,0,1
"Ethel Hannah Catherwood (-McLaren, -Mitchell)",0,1,0,1
Eugene George "Gene" Oberst,1,0,0,1
Eunice Jepkirui Kirwa,0,0,1,1
Eunice Jepkorir Kertich,0,0,1,1
Eva Dawes (-Spinks),1,0,0,1
Eva Janko (Egger-),1,0,0,1
Eva uranov (Kucmanov-),1,0,0,1
Evan Reese Jager,0,0,1,1
Evangelos Damaskos,1,0,0,1
Evelin Kaufer (-Schmuck),0,0,1,1
Evelyn Pearl Furtsch (-Ojeda),0,1,0,1
"Evelyne Ruth Hall (Davidson-, -Adams, -Butler)",0,0,1,1
Everett Lewis Bradley,0,0,1,1
FENG Bin,0,0,1,1
FURLANI Mattia,1,0,0,1
Fabrizio Donato,1,0,0,1
Faina Grigoryevna Melnik (-Veleva),0,1,0,1
Faith Chepngetich Kibiegon,0,1,0,1
Faith Idehen,1,0,0,1
Fani Khalkia,0,1,0,1
Fatima Yusuf-Olukoju,0,0,1,1
Fatuma Roba,0,1,0,1
Ferdinand Reinhardt Bie,0,1,0,1
Fernand Gonder,0,1,0,1
Fernando "Nando" Altimani,1,0,0,1
Feyisa Lilesa,0,0,1,1
Fia Lovin (Rafira-),1,0,0,1
Fidelis Gadzama,0,1,0,1
Filbert Bayi Sanka,0,0,1,1
Finis Dean Smith,0,1,0,1
Fita Bayissa,1,0,0,1
Fitzroy Junior Dunkley,0,0,1,1
Fleur Northey Mellor (-Wenham),0,1,0,1
Florena acu-Crciunescu (Ionescu-),1,0,0,1
"Florence Isabel ""Jane"" Bell (-Walker, -Doane)",0,1,0,1
Florian Schwarthoff,1,0,0,1
Folke Georg Jansson,0,0,1,1
Forrest Custer Smithson,0,1,0,1
Forrest Grady Towns,0,1,0,1
Foy Draper,0,1,0,1
France Gareau (-Foudy),0,0,1,1
Francine Niyonsaba,0,0,1,1
Francis Adonijah "Frank" Lane,1,0,0,1
Francis Cleveland "Frank" Irons,0,1,0,1
Francis James "Jim" Delaney,0,0,1,1
Francis Kerbiriou,1,0,0,1
Francis Lawrence "Frank" Lukeman,1,0,0,1
Francis Obiorah Obikwelu,0,0,1,1
Francis Peter Higgins,1,0,0,1
Francis Schewetta,0,0,1,1
Francis Valentine Joseph "Frank" Hussey,0,1,0,1
Francisco Javier Fernndez Pelez,0,0,1,1
Franjo Mihali,0,0,1,1
Frank Baumgartl,1,0,0,1
Frank Busemann,0,0,1,1
Frank Dwyer Murphy,1,0,0,1
"Frank Farmer Loomis, Jr.",0,1,0,1
Frank Garfield Rutherford,1,0,0,1
Frank Josef Cuhel,0,0,1,1
Frank Kent Foss,0,1,0,1
Frank Paschek,0,0,1,1
Frank Riley Castleman,0,0,1,1
Frank Thayer Nelson,0,0,1,1
Frank Wartenberg,1,0,0,1
Frank Washington Jarvis,0,1,0,1
Frans William "Viljam" Johansson,0,0,1,1
Frantiek Douda,1,0,0,1
Frantiek Janda-Suk,0,0,1,1
Frantz Kruger,1,0,0,1
Franz-Peter Hofmeister,1,0,0,1
Freddy Santiago Mayola Fernndez,1,0,0,1
Frederic Delmont "Fred" Tootell,0,1,0,1
Frederic Seymour "Fred" Murray,1,0,0,1
"Frederick Douglas ""Fritz"" Pollard, Jr.",1,0,0,1
Frederick Ferdinand "Freddie" Wolff,0,1,0,1
Frederick Graham "Fred" Moloney,1,0,0,1
Frederick Morgan "Fred" Hansen,0,1,0,1
Frederick Newton Hibbins,1,0,0,1
Frederick Pitt "Fred" Alderman,0,1,0,1
Frederick Warren "Fred" Kelly,0,1,0,1
Frederick William "Fred" Engelhardt,0,0,1,1
Frederick William "Fred" Schule,0,1,0,1
Fredrick Momanyi "Fred" Onyancha,1,0,0,1
Fredrik Teodor Koskenniemi,0,1,0,1
Frey Fritiof "Frej" Liewendahl,0,1,0,1
Friedrich Gottlob Paul Ferdinand von Stlpnagel,1,0,0,1
Friedrich Walter "Fritz" Hendrix,0,0,1,1
Frigyes (Friedrich) Wiesner-Mezei,1,0,0,1
Fritz Erik Elmster (Pettersson-),0,0,1,1
Fritz Hofmann,0,0,1,1
GERASHCHENKO Iryna,1,0,0,1
Gabriel J. Tiacoh,0,0,1,1
Gabriele "Gaby" Bumann,1,0,0,1
Gabriele Hinzmann (Trepscheck-),1,0,0,1
Gabriele Lwe (Kotte-),0,0,1,1
Gabriele Salviati,1,0,0,1
Gabriella Dorio (-Spigarolo),0,1,0,1
Gael Patricia Mulhall-Martin,1,0,0,1
Galina Petrovna Bukharina,1,0,0,1
Galina Petrovna Bystrova (Dolzhenkova-),1,0,0,1
Galina isakovov (-Beskrovnaj),1,0,0,1
Gamze Bulut,0,0,1,1
"Garrett Putnam Serviss, Jr.",0,0,1,1
Garry Peter Cook,0,0,1,1
Garth Barrington Robinson,1,0,0,1
Gary James Oakes,1,0,0,1
Gary Ronald Honey,0,0,1,1
Gaston G. Godel,0,0,1,1
Gaston Heuet,1,0,0,1
Gaston Lucien Fry,1,0,0,1
Gaston M. Strobino,1,0,0,1
Gaston Roelants,0,1,0,1
Gaston tienne Ghislaine Reiff,0,1,0,1
Gayle Albert Dull,0,0,1,1
Gelindo Bordin,0,1,0,1
Genzebe Dibaba Keneni,0,0,1,1
George Anthony Stanich,1,0,0,1
George Bernard Underwood,0,1,0,1
George Derek Ibbotson,1,0,0,1
George Gordon Avery,0,0,1,1
George Gordon Jefferson,1,0,0,1
George Henry Goulding,0,1,0,1
George Hetzel Baird,0,1,0,1
"George J. Saling, Jr.",0,1,0,1
George Joseph Webber,0,0,1,1
George L. Young,1,0,0,1
George Leslie Horine,1,0,0,1
George Nicol,1,0,0,1
George Richard Parker,0,0,1,1
George Russell Renwick,1,0,0,1
George Sidney Simpson,0,0,1,1
Georgios Roubanis,1,0,0,1
Georgios Saranti Papasideris,1,0,0,1
Georgios Saridakis,1,0,0,1
Gerald Alexander Tinker,0,1,0,1
Gerald Howard "Gerry" Ashworth,0,1,0,1
Geraldina Rachel "Dina" Asher-Smith,1,0,0,1
Gerd Wessig,0,1,0,1
Gerda Johanna Marie van der Kade-Koudijs,0,1,0,1
Gerhard "Gerd" Hornberger,1,0,0,1
Gerhard Wucherer,1,0,0,1
Gerhardus Marinus Maria "Gerard" Nijboer,0,0,1,1
Germaine Mason,0,0,1,1
Gerrard Eugene "Gene" Cole,0,0,1,1
Gezahgne Abera,0,1,0,1
Ghada Shouaa,0,1,0,1
Gheorghe Megelea,1,0,0,1
Gianni Caldana,0,0,1,1
Gil Roberts,0,1,0,1
Gilles Bertould,1,0,0,1
Gilles Qunherv,1,0,0,1
Gillian Claire Russell (-Love),1,0,0,1
Giorgio Oberweger,1,0,0,1
Giovanni De Benedictis,1,0,0,1
Giovanni Evangelisti,1,0,0,1
Gisela Mauermayer,0,1,0,1
Giuseppe "Pino" Dordoni,0,1,0,1
Giuseppe Castelli,1,0,0,1
Giuseppe Gentile,1,0,0,1
Giuseppe Gibilisco,1,0,0,1
Giuseppe Tosi,0,0,1,1
Giuseppina Leone (-Paoletti),1,0,0,1
Glenn Edward Morris,0,1,0,1
Glenn Graham,0,0,1,1
Glenn Vernice Cunningham,0,0,1,1
Glenroy John Gilbert,0,1,0,1
Gloria E. Kemasuode (-Ubiebor),1,0,0,1
"Gloria Siebert (Kovarik-, Uibel-)",0,0,1,1
Glory Alozie Oluchi,0,0,1,1
"Glynis Leanne Nunn (Saunders-, -Cearns)",0,1,0,1
Gnter Wilhelm Leichum,1,0,0,1
Gnther Steines,1,0,0,1
Godday James,1,0,0,1
Godfrey Khotso Mokoena,0,0,1,1
Gong Lijiao,1,0,0,1
Gordon Glover Dunn,0,0,1,1
Gordon Reginald Goodwin,0,0,1,1
Grace Jackson-Small,0,0,1,1
Graham Chater Gipson,0,0,1,1
Grantley Thomas Smart Goulding,0,0,1,1
Grard Fenouil,1,0,0,1
Gregory "Greg" Foster,0,0,1,1
Gregory "Greg" Meghoo,0,0,1,1
Gregory Andrew "Greg" Joy,0,0,1,1
Gregory Curtis "Greg" Bell,0,1,0,1
Grete Andersen-Waitz,0,0,1,1
Grigory Aleksandrovich Yegorov,1,0,0,1
Guido Kratschmer,0,0,1,1
Guillaume LeBlanc,0,0,1,1
Gulnara Iskanderovna Samitova-Galkina,0,1,0,1
Gunnar Mikael Hckert,0,1,0,1
Gusman Sittykovich Kosanov,0,0,1,1
Gustaf "Topsy" Lindblom,0,1,0,1
Gustaf Fredrik Carln,0,1,0,1
Gustaf Isidor Mattsson,1,0,0,1
Gustaf Nils Jansson,1,0,0,1
Gustaf Richard Mikael "Gsta" Holmr,1,0,0,1
Gwendoline Alice "Gwen" Porter,1,0,0,1
Gyrgy Csnyi,1,0,0,1
Gyrgy Sztantics,0,1,0,1
Gyula Kellner,1,0,0,1
Gza Varasdi,1,0,0,1
HAASE Rebekka,1,0,0,1
HALASZ Bence,0,0,1,1
HARRIES Toby,1,0,0,1
HAYES Quanera,0,1,0,1
HENRY Desiree,0,0,1,1
HINCHLIFFE Louie,1,0,0,1
HOBBS Aleia,0,1,0,1
HOCKER Cole,0,1,0,1
HODGKINSON Keely,0,1,0,1
HOLLOWAY Grant,0,1,0,1
HOLMES Alexis,0,1,0,1
HUGHES Zharnel,1,0,0,1
HULL Jessica,0,0,1,1
HUNT Amy,0,0,1,1
Habiba Al-Ghribi-Boudra,0,0,1,1
Hadi Soua'an Al-Somaily Jaadan,0,0,1,1
Hagos Gebrhiwet Berhe,1,0,0,1
Halimat Oyinoza Ismaila,1,0,0,1
"Halina (Leonarda Kazimiera-) Konopacka (-Matuszewska, -Szczerbiska, -Stowe)",0,1,0,1
Hanna Emilie Marin,0,0,1,1
Hannu Juhani Siitonen,0,0,1,1
Hannu Kleofas "Hannes" Miettinen,0,1,0,1
Hans Eicke,0,0,1,1
Hans Liesche,0,0,1,1
Hans-Gnter Geister,1,0,0,1
Hans-Joachim "Jochen" Reske,0,0,1,1
Hans-Otto Woellke,0,1,0,1
Hans-Peter Baumgartner,0,0,1,1
Hansjrg Kunze,1,0,0,1
Hansle George Parchment,1,0,0,1
Harald Norpoth,0,0,1,1
Harlow Phelps Rothert,0,0,1,1
Harold Blaine Lindgren,0,0,1,1
Harold D. Cagle,0,0,1,1
Harold Earl "Hal" Barron,0,0,1,1
Harold Powers Muller,0,0,1,1
Harold Vincent "Hal" Connolly,0,1,0,1
Harriet Claiborne Bland (-Green),0,1,0,1
Harry Bluett Liversedge,1,0,0,1
Harry Edvin "Harri" Larva (Lagerstrm-),0,1,0,1
Harry Franklin Porter,0,1,0,1
Harry-Carl Voigt,1,0,0,1
Hartmut Briesenick,1,0,0,1
Harvey Edward Glance,0,1,0,1
Harvey Wright Cohn,0,0,1,1
Hasely Joachim Crawford,0,1,0,1
Hassiba Boulmerka,0,1,0,1
Hctor Herrera Ortz,0,0,1,1
Hector Dennis "Hec" Hogan,1,0,0,1
Hector Harold Whitlock,0,1,0,1
Hector Monroe "Hec" Dyer,0,1,0,1
Heide-Elke Gaugel (-Hudak),1,0,0,1
Heike Redetzky-Henkel (-Meier),0,1,0,1
Heike Schulte-Mattler (Schmidt-),1,0,0,1
Heinrich-Ludwig "Heinz" Ftterer,1,0,0,1
Helena Fibingerov (-mdov),1,0,0,1
Helene "Leni" Junker (-Thymm),1,0,0,1
Helene Hermine "Leni" Schmidt (-Fischer),1,0,0,1
Helga Klein (-Erny),0,0,1,1
Helga Seidler (Fischer-),0,1,0,1
Helge Andreas Lvland,0,1,0,1
Heli Orvokki Rantanen,0,1,0,1
Hellen Onsando Obiri,0,0,1,1
Helmar Mller,1,0,0,1
Helmut Hamann,1,0,0,1
Hennadiy Valentynovych Avdieienko,0,1,0,1
Henning Johannes "Henry" Dafel,0,0,1,1
Henri Alexis Tauzin,0,0,1,1
Henri Jean LaBorde,0,0,1,1
Henri Lauvaux,1,0,0,1
Henri Paul Winter,1,0,0,1
Henricus Adrianus "Harry" Broos,1,0,0,1
Henry Argue "Hank" Russell,0,1,0,1
Henry Courtenay Hawtrey,0,1,0,1
Henry Edward "Harry" Kerr,1,0,0,1
Henry Louis Scott,0,1,0,1
Henry Maitland Macintosh,0,1,0,1
Henry Petersen,0,0,1,1
Henry Stoddard "Harry" Babcock,0,1,0,1
Henry Winston "Harry" Jerome,1,0,0,1
Herbert Arthur "Bert" Johnston,0,0,1,1
Herbert Brotherson Jamison,0,0,1,1
Herbert James "Herb" Elliott,0,1,0,1
Herbert Lawrence "Herb" Trube,0,0,1,1
Herbert Otto Emanuel Schade,1,0,0,1
"Herbert Paul ""Herb"" Douglas, Jr.",1,0,0,1
Herbert William "Bert" Kerrigan,1,0,0,1
Herman Charles Groman,1,0,0,1
Herman Harold Brix,0,0,1,1
Hermann Mller,0,0,1,1
Hermann Panzo,1,0,0,1
Hermes Julin Ramrez Limonta,0,0,1,1
Hermine "Herma" Bauma,0,1,0,1
Hezekiel Sello Sepeng,0,0,1,1
Hilda May Cameron (-Young),1,0,0,1
Hilding Viktor Ekman,1,0,0,1
Hildrun Laufer-Claus,1,0,0,1
Hirooki Arai,1,0,0,1
Hjalmar Stefanus Mellander,0,1,0,1
"Horace Ashenfelter, III",0,1,0,1
Horace Hallock "Hal" Brown,0,1,0,1
Horatio May Fitch,0,0,1,1
Howard Davis,0,0,1,1
Howard McNeal Burnett,0,0,1,1
Huang Zhihong,0,0,1,1
Hubert Houben,0,0,1,1
Hugo Jalmari Lahtinen,1,0,0,1
Hugo Morris Friend,1,0,0,1
Hwang Yeong-Jo,0,1,0,1
Hyla Bristow "Henry" Stallard,1,0,0,1
Hyleas Christine Fountain,0,0,1,1
Hyvin Kiyeng Jepkemoi,0,0,1,1
INGEBRIGTSEN Jakob,0,1,0,1
Ian Stewart,1,0,0,1
Ibolya Csk (-Kdr),0,1,0,1
Ibrahim Camejo Savas,1,0,0,1
Ignace Heinrich,0,0,1,1
Igor Alekseyevich Kashkarov,1,0,0,1
Igor Olegovich Lapshin,0,0,1,1
Igor Yuryevich Nikulin,1,0,0,1
Ileana Silai (Gergely-),0,0,1,1
Ilke Wyludda,0,1,0,1
Ilmari R. Salminen,0,1,0,1
Ilmari Vesamaa,0,1,0,1
Ilona Maria Gusenbauer (Majdan-),1,0,0,1
"Ilona Schoknecht-Slupianek (-Briesenick, -Longo)",0,1,0,1
Ilse Kristiina "Tiina" Lillak,0,0,1,1
Ilya Vladislavovich Markov,0,0,1,1
Imrich Bugr,0,0,1,1
Inese Jaunzeme (-Goba),0,1,0,1
Inga "Ine" Schffer (Mayer-Bojana-),1,0,0,1
Inga Kristina Gentzel (-Dahlgren),1,0,0,1
Inge Bdding (Eckhoff-),1,0,0,1
Inger Z. Miller,0,1,0,1
Ingrid Lotz (Eichmann-),0,0,1,1
Ingvar Albin Henrik Pettersson,1,0,0,1
Inha Alvidasivna Babakova (Butkus-),1,0,0,1
Inna Aleksandrovna Lasovskaya,0,0,1,1
Innocent Ejima Egbunike,1,0,0,1
Inta Kimovia (-Drvia),1,0,0,1
Ioamnet Quintero lvarez,1,0,0,1
Ioannis Persakis,1,0,0,1
Ioannis Theodoropoulos,1,0,0,1
Ionela Trlea-Manolache,0,0,1,1
Ira James Murchison,0,1,0,1
Ira Nelson Davenport,1,0,0,1
Irina Aleksandrovna Khudoroshkina,1,0,0,1
Irina Alekseyevna Simagina (-Meleshina),0,0,1,1
Irina Anatolyevna Beglyakova (-Chelnaya),0,0,1,1
Irina Nikolayevna Belova (Ilyichova-),0,0,1,1
Irina Sergeyevna Khabarova,0,0,1,1
Irina Vasilyevna Yatchenko,1,0,0,1
Irina Viktorovna Nazarova (Bagryantseva-),0,1,0,1
Irvin "Bo" Roberson,0,0,1,1
Irving Jahir Saladino Arana,0,1,0,1
Iryna Anatolivna Lishchynska (Nedelenko-),0,0,1,1
Isabella Bosibori Ochichi,0,0,1,1
Isabelle Francis Daniels (-Holston),1,0,0,1
Ismail Ahmed Ismail,0,0,1,1
Istvn Rzsavlgyi (Reidl-),1,0,0,1
Istvn Somodi,0,0,1,1
Ivan Chandler Dresser,0,1,0,1
Ivan Gubijan,0,0,1,1
Ivan Harris Riley,1,0,0,1
Ivan Mauritz Mller,0,0,1,1
Ivan Pavlovych Bieliaiev,1,0,0,1
Ivan Sergeyevich Ukhov,0,1,0,1
Ivan William Fuqua,0,1,0,1
Ivana panovi,1,0,0,1
Ivano Brugnetti,0,1,0,1
Ivn Garca Snchez,1,0,0,1
Ivn Lzaro Pedroso Soler,0,1,0,1
Iwan Gwyn Thomas,0,0,1,1
J. Jacques Lunis,0,0,1,1
JEFFERIES Ben,1,0,0,1
JOHN Yemi Mary,1,0,0,1
JOHNSON-THOMPSON Katarina,0,0,1,1
JUNK Sophia,1,0,0,1
Jaak Uudme,0,1,0,1
Jack Warren Pierce,1,0,0,1
Jacob "Jaap" Boot,1,0,0,1
Jacqueline Marguerite Marie Mazas (Martin-),1,0,0,1
Jacqueline Todten-Hein,0,0,1,1
Jacques Carette,1,0,0,1
Jai Desmond Taurima,0,0,1,1
Jalmari Johannes "Lauri" Eskola,0,0,1,1
James Aaron Butts,0,0,1,1
James Aloysius Bernard "Jim" Bausch,0,1,0,1
James Charles Beckford,0,0,1,1
James Edward "Jim" Wedderburn,1,0,0,1
"James Edward ""Trey"" Hardee, III",0,0,1,1
James Ellis "Jimmy" LuValle,1,0,0,1
James F. "Jim" Doehring,0,0,1,1
James F. "Jimmy" Gathers,1,0,0,1
James Francis "Jimmy" Quinn,0,1,0,1
James Garfield MacDonald,0,0,1,1
James Henry "Jim" Duncan,1,0,0,1
James Hunt "Jim" Corson,1,0,0,1
James Isaac Wendell,0,0,1,1
James Joseph "Jim" Donahue,0,0,1,1
James Joseph Connolly,1,0,0,1
James Kent "Jim" Brooker,1,0,0,1
James Leo "Jim" Dillion,1,0,0,1
James P. "Jimmy" Henigan,0,0,1,1
James Ronald "Jim" Ryun,0,0,1,1
James Sarsfield "Jim" Mitchel,1,0,0,1
James Sherman Jett,0,1,0,1
James Stephenson "Steve" Smith,1,0,0,1
James Steven "Jamie" Baulch (Mills-),0,0,1,1
James Tindal Soutter,1,0,0,1
Jan Cornelis de Vries,1,0,0,1
Jan Eric Johnson,1,0,0,1
Jan Werner,0,0,1,1
Jane Kara Saville (-White),1,0,0,1
Jane Kimberley "Kim" Batten,0,0,1,1
Janeene Hope Vickers (-McKinney),1,0,0,1
Janet Mary Simpson (-Clerc),1,0,0,1
Janet Theresa Moreau (-Stone),0,1,0,1
Janeth Jepkosgei Busienei,0,0,1,1
Janusz Jan Sido,0,0,1,1
Janusz Tadeusz Kusociski,0,1,0,1
Jaouad Gharib,0,0,1,1
Jarmila Kratochvlov,0,0,1,1
"Jarosawa Jwiakowska-Bieda (-Ringer, -Zdunkiewicz)",0,0,1,1
Jaroslav Bba,1,0,0,1
Jarrin Solomon,1,0,0,1
Jason Alexander Richardson,0,0,1,1
Jason John Gardener,0,1,0,1
Jason Rouser,0,1,0,1
Javier Culson Prez,1,0,0,1
Javier Garca Chico,1,0,0,1
Javon Francis,0,0,1,1
Jean Catherine Desforges (-Pickering),1,0,0,1
Jean Eileen Scrivens (-MacKenzie),0,0,1,1
Jean Galfione,0,1,0,1
Jean Marie Shiley (-Newhouse),0,1,0,1
Jean-Baptiste Clment Hippolyte Krbel,0,0,1,1
Jeanette Bolden,0,1,0,1
Jeanette Josephina Maria "Nettie" Witziers-Timmer,0,1,0,1
Jeffrey "Jeff" Henderson,0,1,0,1
Jemima Jelagat Sumgong,0,1,0,1
Jeneba Sylvia Tarmoh,0,1,0,1
Jennifer Elaine "Jenny" Stoute (-Regis),1,0,0,1
Jennifer Frances Lamy (-Frank),1,0,0,1
Jennifer Mae "Jenny" Barringer-Simpson,1,0,0,1
Jens-Peter Herold,1,0,0,1
Jeremiah Alfred "Al" LeConey,0,1,0,1
Jerome Cousins Biffle,0,1,0,1
Jerzy Pietrzyk,0,0,1,1
Jesse William "John" Mashburn,0,1,0,1
Jessie Cross (-West),0,0,1,1
Jevaughn Minzie,0,1,0,1
Ji Skobla,1,0,0,1
Jillian Cheryl "Jill" Richardson-Briscoe,0,0,1,1
Jimmy Vicaut,1,0,0,1
Jnis Dli,0,0,1,1
Joachim "Jochen" Bchner,1,0,0,1
Joachim Brchner Olsen,0,0,1,1
Joan Benoit (-Samuelson),0,1,0,1
Joan Lino Martnez Armenteros,1,0,0,1
Joanna Dove Hayes,0,1,0,1
Jobst Hirscht,1,0,0,1
Jochen Sachse,0,0,1,1
Joel Isasi Gonzlez,1,0,0,1
Joel Snchez Guerrero,1,0,0,1
Joel Warren Shankle,1,0,0,1
Johan Adolf Sundkvist,0,1,0,1
Johan Henrik Nordstrm,0,1,0,1
Johanna Hbner-Lttge (-Langer),0,0,1,1
Johanna Luann "Joni" Huntley (-Rueter),1,0,0,1
Johannes "Jo" Kaiser,0,0,1,1
John "Jack" Archer,0,0,1,1
John Akii-Bua,0,1,0,1
John Alcorn "James" Rector,0,0,1,1
John Arthur "Jack" Gregory,0,0,1,1
John Arthur "Jack" Winter,0,1,0,1
John Barnett Rambo,1,0,0,1
"John Baxter Taylor, Jr.",0,1,0,1
John Bray,1,0,0,1
John Christian Bert Olsson,0,1,0,1
John Creyghton Ainsworth-Davis,0,1,0,1
John Dale Bennett,0,0,1,1
John Edward "Jack" Lovelock,0,1,0,1
John Edward Salisbury,1,0,0,1
John Francis Cregan,0,0,1,1
John Franklin Anderson,0,1,0,1
John Frederick "Jerry" Cornes,0,0,1,1
John Frederick McLean,0,0,1,1
John George Walker,0,1,0,1
John Henry "Johnny" Kuck,0,1,0,1
John Henry Jonsson (-Klarne),1,0,0,1
John Ivor Disley,1,0,0,1
John Joseph "Johnny" Hayes,0,1,0,1
John Joseph Daly,0,0,1,1
John Joseph Gray,0,0,1,1
John Julius Klintberg,0,1,0,1
John Kelley Norton,0,0,1,1
John Kenneth "Ken" Doherty,1,0,0,1
"John Lee ""Johnny"" Gray, Jr.",1,0,0,1
John Llewellyn Davies,1,0,0,1
John Lloyd "Jack" Yerman,0,1,0,1
John Macfarlane Holland,1,0,0,1
John McGough,0,0,1,1
John Michael Landy,1,0,0,1
John Moffitt,0,0,1,1
John Ngugi Kamau,0,1,0,1
John Patrick "Jack" Metcalfe,1,0,0,1
John Riegel DeWitt,0,0,1,1
John Sheldon Collier,1,0,0,1
John Sherwood,1,0,0,1
John Treacy,0,0,1,1
John Verner Magnusson,1,0,0,1
John Vinzenz Andrew de Villiers "Vincent" Duncker,1,0,0,1
John Wesley "Johnny" Jones,0,1,0,1
John Wesley Carlos,1,0,0,1
John Wilfrid "Johnny" Loaring,0,0,1,1
John William Goodman,0,0,1,1
John William Steffensen,0,0,1,1
John Youie Woodruff,0,1,0,1
Joie William Ray,1,0,0,1
Jol Lamela Luaces,1,0,0,1
Jolanda eplak (Steblovnik-),1,0,0,1
Joln Kleiber-Kontsek,1,0,0,1
Jorge Llopart Ribas,0,0,1,1
Jorge Luis Aguilera Ruiz,1,0,0,1
Jorma Rainer Valkama,1,0,0,1
Jorma Vilho Paavali Kinnunen,0,0,1,1
Jos Carlos Gomes Moreira,1,0,0,1
Jos Manuel Abascal Gmez,1,0,0,1
Jos Pedraza Ziga,0,0,1,1
Jos Telles da Conceio,1,0,0,1
Jos ngel Csar Delgado,1,0,0,1
Josef Christian Holsner,1,0,0,1
Josef Doleal,0,0,1,1
Josef Henri "Josy" Barthel,0,1,0,1
Josef Odloil,0,0,1,1
"Joseph ""Joe"" Forshaw, Jr.",1,0,0,1
Joseph Bernard "Joe" Pearman,0,0,1,1
Joseph Edmund "Joe" Deakin,0,1,0,1
Joseph Keter,0,1,0,1
Joseph Mahmoud,0,0,1,1
Joseph Mathias "Joe" Kovacs,0,0,1,1
"Joseph Nathaniel ""Joe"" DeLoach, Jr.",0,1,0,1
Joseph Nicholas Neville "Nick" Whitehead,1,0,0,1
Joseph Oliver MacDonald,0,1,0,1
Joseph Paul "Joe" McCluskey,1,0,0,1
Joseph tienne Drher,1,0,0,1
Joseph-tienne Desmarteau (Birtz-),0,1,0,1
Joshua "Josh" Culbreath,1,0,0,1
Josia Thugwane,0,1,0,1
Joslyn Yvonne Hoyte-Smith,1,0,0,1
Jouko Yrj Nikkanen,0,0,1,1
Joyce Alice King (-Merrett),0,0,1,1
Joyce Chepchumba Koech,1,0,0,1
Jozef Pribilinec,0,1,0,1
Jrg Drehmel,0,0,1,1
Jrg Freimuth,1,0,0,1
Jrg Pfeifer,0,0,1,1
Jrg Vaihinger,1,0,0,1
Jrgen Hingsen,0,0,1,1
Jrgen Straub,0,0,1,1
Jri Lossman,0,0,1,1
Jri Tarmak,0,1,0,1
Juan Carlos Zabala Boyer,0,1,0,1
Juan Morales Hechavarra,0,0,1,1
Juana Katrin Drre-Heinig,1,0,0,1
Jude Monye,0,1,0,1
Judith Florence "Judy" Amoore-Pollock,1,0,0,1
"Judith Lynne ""Judi"" Brown (-King, -Clarke)",0,0,1,1
Juha Pekka Antero Tiainen,0,1,0,1
Jules Ladoumgue,0,0,1,1
Julius Kariuki,0,1,0,1
Julius Kiplagat Yego,0,0,1,1
Julius Korir,0,1,0,1
June Elaine Rita Maston (-Ferguson),0,0,1,1
Justus Kinloch Ayres "Jack" Oosterlaak,0,0,1,1
Jutta Kirst (Krautwurst-),1,0,0,1
Jzsef Csermk,0,1,0,1
Jzsef Kovcs,0,0,1,1
Jzsef Nagy,1,0,0,1
Jzsef Vrszegi (Vennesz-),1,0,0,1
KACZMAREK Natalia,1,0,0,1
KARALIS Emmanouil,1,0,0,1
KATZBERG Ethan,0,1,0,1
KEBINATSHIPI Busang Collen,0,0,1,1
KENDRICKS Sam,0,0,1,1
KENNEDY Nina,0,1,0,1
KERLEY Fred,1,0,0,1
KERR Hamish,0,1,0,1
KERR Josh,0,0,1,1
KIBIWOT Abraham,1,0,0,1
KILTY Richard,1,0,0,1
KIPRUTO Benson,1,0,0,1
KITAGUCHI Haruka,0,1,0,1
KLEIN IKKINK Isaya,0,1,0,1
KOKHAN Mykhaylo,1,0,0,1
KOVACS Joe,0,0,1,1
KWEMOI Ronald,0,0,1,1
Kaarlo Jalmari "Kalle" Tuominen,0,0,1,1
Kaarlo Kalervo Toivonen,1,0,0,1
Kaj Tapio Rautavaara,0,1,0,1
Kajsa Margareta Bergqvist (-Herngren-),1,0,0,1
Kameradin Susanthika Jayasinghe,0,0,1,1
Kamila Skolimowska,0,1,0,1
Karen Forkel,1,0,0,1
Karl Aarne Lindholm (-Linnolahti),0,0,1,1
Karl August Luther,0,0,1,1
Karl DeWitt Warner,0,1,0,1
Karl Eric Emanuel Svensson,0,0,1,1
Karl Hein,0,1,0,1
Karl Hugo Wieslander,0,1,0,1
Karl Konrad Storch,0,0,1,1
Karl-Hans Riehm,0,0,1,1
Karl-Martin "Martin" Lauer,0,1,0,1
Karlheinz Klotz,1,0,0,1
Karoline "Lina" Radke-Batschauer,0,1,0,1
Katharina Anna "Kthe" Krau,1,0,0,1
Katharine Merry,1,0,0,1
Kathy Laverne McMillan (-Ray),0,0,1,1
Katri Vellamo "Kaisa" Parviainen,0,0,1,1
Kazimierz Franciszek Zimny,1,0,0,1
Keith Alvin Saint Hope Gardner,1,0,0,1
Keith Leroy Connor,1,0,0,1
Kellie Wells,1,0,0,1
Kelly Jade Sotherton,1,0,0,1
Kelly Jeromy Willie,0,1,0,1
Kelly Massey,1,0,0,1
Kenji Kimihara,0,0,1,1
Kenkichi Oshima,1,0,0,1
Kennedy Kane "Ken" McArthur,0,1,0,1
Kenneth George "Ken" Wiesner,0,0,1,1
Kenneth Jeffrey "Ken" Jones,0,0,1,1
Kenneth Joseph "Ken" Matthews,0,1,0,1
Kenneth L. "Kenny" Brokenburr,0,1,0,1
Kent Bede Bernard,1,0,0,1
Kenth Enar Eldebrink,1,0,0,1
Kerry Lorenzo "Kenny" Harrison,0,1,0,1
Kerstin Behrendt,0,0,1,1
Keshia Chantay Baker (-Kirtz),0,1,0,1
Kevin Bernard Robinzine,0,1,0,1
Kevin Curtis Young,0,1,0,1
Khalid Boulami,1,0,0,1
Khalid Skah,0,1,0,1
Kharilaos Vasilakos,0,0,1,1
Khristo Ganchev Markov,0,1,0,1
Khrystyna Petrivna Stuy,1,0,0,1
Kim Gevaert,0,0,1,1
Kim Simone Geraldine Jacobs,1,0,0,1
Kimberly "Kim" Turner (-McKenzie),1,0,0,1
Kimberly Elaine "Kim" Graham (-Miller),0,1,0,1
Kinue Hitomi,0,0,1,1
Kipkemboi Kimeli,1,0,0,1
Kirk Renaud Baptiste,0,0,1,1
Kirsten Emmelmann (Siemon-),1,0,0,1
Kirsten Mnchow (-Klose-),1,0,0,1
Klas Julius Lundstrm,0,1,0,1
Klaus Beer,0,0,1,1
Klaus Johannes Ehl,1,0,0,1
Klaus Lehnertz,1,0,0,1
Klaus Thiele,0,0,1,1
Klaus W. Richtzenhain,0,0,1,1
Klaus Wolfermann,0,1,0,1
Klaus-Dieter Kurrat,0,0,1,1
Klaus-Dieter Ploghaus,1,0,0,1
Klaus-Peter Hildenbrand,1,0,0,1
Klavdiya Aleksandrovna Tochonova (-Khlybova),1,0,0,1
Knut Emil Willehard Alm,1,0,0,1
Knut Henry Eriksson,0,1,0,1
Koichi Morishita,0,0,1,1
Kokichi Tsuburaya,1,0,0,1
Konstantin Yuryevich Volkov,0,0,1,1
Konstantinos "Kostas" Kenteris,0,1,0,1
Konstantinos Spetsiotis,1,0,0,1
Kristi Castlin,1,0,0,1
Kristian Hellstrm,1,0,0,1
Krisztin Pars,0,1,0,1
Krzysztof Zwoliski,0,0,1,1
Kurt Anders Valdemar Lundquist,1,0,0,1
Kurt Bendlin,1,0,0,1
Kvin Mayer,0,0,1,1
Kyle Clemons,0,1,0,1
L. Jay Silvester,0,0,1,1
LAFOND Thea,0,1,0,1
LANSIQUOT Imani,0,0,1,1
LINDSEY Courtney,0,1,0,1
LUECKENKEMPER Gina,1,0,0,1
LaMont Smith,0,1,0,1
LaTasha Lavon Colander-Richardson (-Clark),0,1,0,1
LaVonna Ann Martin (-Floral),0,0,1,1
Laimut Baikauskait,0,0,1,1
Lance Earl Deal,0,0,1,1
Lancelot Carrington "Lance" Royle,0,0,1,1
Larisa Aleksandrovna Peleshenko (Agapova-),0,0,1,1
Larisa Nikolayevna Kruglova,0,0,1,1
Lars Eugen Hedwall,1,0,0,1
Lars-Erik Ragnar Wolfbrandt,1,0,0,1
Lashinda Monique Demus,0,0,1,1
Laurence Michael "Larry" Cummins,0,0,1,1
Lauri Antero Kivi,0,0,1,1
Lawrence Atwood "Larry" Whitney,1,0,0,1
Lawrence Clayton Johnson,0,0,1,1
Lawrence Edward Joseph Feuerbach,1,0,0,1
Lawrence Ellwyne "Larry" Myricks,1,0,0,1
LeRoy Perry Samse,0,0,1,1
Leamon King,0,1,0,1
Lee Bong-Ju,0,0,1,1
"Lee Stratford Barnes, Jr.",0,1,0,1
Leevan Sands,1,0,0,1
Lennart Strand,0,0,1,1
Leo Edward Larrivee,1,0,0,1
Leo Joseph Sexton,0,1,0,1
Leonard Francis "Jimmy" Tremeer,1,0,0,1
Leonard Stuart "Leon" Gregory,0,0,1,1
Leonel Ernesto "Leo" Manzano,0,0,1,1
Leonhard "Leo" Pohl,1,0,0,1
Leonid Dmytrovych Lytvynenko,0,0,1,1
Leonid Mikhaylovich Shcherbakov,0,0,1,1
Leonid Vasilyevich Spirin,0,1,0,1
Leroy Russell Burrell,0,1,0,1
Leroy Taylor Brown,0,0,1,1
Lesley Ashburner,1,0,0,1
Leslie Alphonso "Les" Laing,0,1,0,1
Leslie Jean Deniz,0,0,1,1
Lester Nelson "Les" Carney,0,0,1,1
Leszek Ryszard "Lech" Dunecki,0,0,1,1
Lev Alekseyevich Kalyayev,0,0,1,1
Levan Sanadze,0,0,1,1
Levi Burnside "Lee" Casey,0,0,1,1
Lewis Tewanima,0,0,1,1
Li Chunxiu,1,0,0,1
Li Meisu,1,0,0,1
Li Yanfeng,1,0,0,1
Lidia Elena imon (Slvueanu-),0,0,1,1
Lidiya Nikolayevna Alfeyeva,1,0,0,1
Liese Sykora-Prokop,0,0,1,1
Lieselotte "Liesel" Westermann (-Krieg),0,0,1,1
Lilli Schwarzkopf,0,0,1,1
Lillian Barbara Board,0,0,1,1
Lillian Emily Palmer (-Alderson),0,0,1,1
Lily Marie Louise Carlstedt-Kelsby,1,0,0,1
Linda Kisabaka (-Iwan),1,0,0,1
Linda Stahl,1,0,0,1
Linet Chepkwemoi Masai,1,0,0,1
Linetta A. Wilson,0,1,0,1
Linsey Tarrel MacDonald,1,0,0,1
Lisa Frances Martin-Ondieki (-O'Dea),0,0,1,1
Liu Hong,0,1,0,1
Liu Xiang,0,1,0,1
"Liudmyla Ivanivna Lysenko (-Shevtsova, -Hurevych)",0,1,0,1
Liudmyla Vasylivna Aksenova (Shapovalova-),1,0,0,1
Livio Berruti,0,1,0,1
Llewellyn George Herbert,1,0,0,1
Lon Dupont,0,0,1,1
Lorenzo Christopher Wright,0,1,0,1
Loretta T. McNeil,0,0,1,1
"Lorraine Mary Moller (-Daws, -Smith)",1,0,0,1
Lothar Knrzer,1,0,0,1
Lothar Michael Krieg,1,0,0,1
Lothar Milde,0,0,1,1
Louis Alfred "Pinky" Clarke,0,1,0,1
Louis Guy "Lou" Wilkins,1,0,0,1
Louis Victor Marie Bonniot de Fleurac,1,0,0,1
"Louis Woodard ""Lou"" Jones, III",0,1,0,1
Louise McPaul-Currey,0,0,1,1
Lszl Zarndi,1,0,0,1
Lu Xiuzhi,1,0,0,1
Lucien L. Dolqus,1,0,0,1
Lucinda Williams (-Adams),0,1,0,1
Lucyna Langer (-Kaek),1,0,0,1
Ludmila Viktorovna Narozhilenko-Engquist (Leonova-),0,1,0,1
Lugueln Miguel Santos Aquino,0,0,1,1
Luis Alberto Prez Rionda,1,0,0,1
Luis Marano Dels Fournier,1,0,0,1
Luis ngel Brunetto,0,0,1,1
Luise Martha "Lies" Krger,0,0,1,1
Lutz Dombrowski,0,1,0,1
Luvo Manyonga,0,0,1,1
Lynn A. Jennings (Hill-),1,0,0,1
Lynn Davies,0,1,0,1
Lynn Williams (Kanuka-),1,0,0,1
Lyudmila Alekseyevna Chernova (-Zenina),0,1,0,1
Lyudmila Anatolyevna Litvinova,0,0,1,1
Lyudmila Ivanovna Bragina,0,1,0,1
Lyudmila Ivanovna Ignatyeva-Samotyosova,1,0,0,1
Lyudmila Vasilyevna Rogachova,0,0,1,1
Lzaro Martnez Despaigne,0,0,1,1
Lzr Lovsz,1,0,0,1
MAHUCHIKH Yaroslava,0,1,0,1
MASWANGANYI Shaun,0,0,1,1
MAYER Lisa,1,0,0,1
MIHAMBO Malaika,0,0,1,1
MITCHELL-BLAKE Nethaneel,1,0,0,1
MOON Katie,0,0,1,1
MORAA Mary,1,0,0,1
MOREJON Glenda,0,0,1,1
Mable Fergerson (-Winn),0,0,1,1
"Maicel Donee Malone (-Wallace, -Trapp)",0,1,0,1
Malcolm Clive Spence,1,0,0,1
Malcolm Cuthbert Nokes,1,0,0,1
Malcolm Emanuel Augustus "Mal" Spence,1,0,0,1
Manfred Germar,1,0,0,1
Manfred Kokot,0,0,1,1
Manteo Mitchell,0,0,1,1
Manuel Jess Plaza Reyes,0,0,1,1
Manuel Martnez Gutirrez,1,0,0,1
Mara Caridad Coln Ruees-Salazar,0,1,0,1
Mara Guadalupe Gonzlez Romero,0,0,1,1
Mara del Monte Vasc Pes Gallardo,1,0,0,1
Marc Snowell Wright,0,0,1,1
Marcel Fernand Hansenne,1,0,0,1
Mare Dibaba Hurssa (-Ibrahimova-),1,0,0,1
Margaret Ann Bailes (Johnson-),0,1,0,1
Margaret Nyairera Wambui,1,0,0,1
Margaret Rejean Matthews (-Wilburn),1,0,0,1
Margarete "Marga" Petersen (Kallensee-),0,0,1,1
Margitta Droese-Pufe (Ludewig-),1,0,0,1
Maria Cioncan,1,0,0,1
Maria Francisca Philomena "Mia" Gommers (-Hoogakkers),1,0,0,1
Maria Geertruida "Ria" Stalman,0,1,0,1
"Maria Jadwiga Kwaniewska (-Trytko, -Komiska, -Maleszewska)",1,0,0,1
Maria Theresia Kiesl (Stbich-),1,0,0,1
Marian Andrzej Dudziak,0,0,1,1
Marian Foik,0,0,1,1
Marian Jerzy Woronin,0,0,1,1
Marian Oprea,0,0,1,1
Marilyn Elaine White,0,0,1,1
Marilyn Mary Black (-Vassella),1,0,0,1
Marina Konstantinovna Shmonina,0,1,0,1
Marina Serafimovna Zhirova (Titova-),1,0,0,1
Marina Yevgenyevna Trandenkova (Krivosheina-),0,0,1,1
Marinus "Rinus" van den Berge,1,0,0,1
Mario Lanzi,0,0,1,1
Marion Becker (Steiner-),0,0,1,1
"Marion Lois Jones (-Hunter, -Montgomery, -Thompson)",0,1,0,1
"Marise Ann Millicent Chamberlain (-Stephen, -Schou)",1,0,0,1
Marita Lange,0,0,1,1
Maritza Martn Garca,0,1,0,1
Mariya Dzhumabayevna Pinigina (Kulchunova-),0,1,0,1
Mariya Gerasimovna Pisareva (-Grigalka),0,0,1,1
Mariya Sergeyevna Savinova (-Farnosova),0,1,0,1
Mariya Vasilyevna Abakumova (-Tarabina),0,0,1,1
Mariya Vasilyevna Golubnichaya,0,0,1,1
Mariya Vitalivna Riemien,1,0,0,1
Marjorie Rees Clark (-Smith),1,0,0,1
Mark Anthony Lewis-Francis,0,1,0,1
Mark Anthony McKoy,0,1,0,1
Mark David Hylton,0,0,1,1
Mark Robert Rowland,1,0,0,1
Mark Sebastian Clive Ormrod,0,0,1,1
Markus Antonius "Mark" Henrich,1,0,0,1
Markus Ryffel,0,0,1,1
Marlene Ahrens Ostertag (-Ebensperger),0,0,1,1
Marlon Ronald Devonish,0,1,0,1
Martha B. Hudson (-Pennyman),0,1,0,1
Martha Langbein-Pensberger (-Schreiber),0,0,1,1
Martin Edvard Larsen,1,0,0,1
Martin Edward Reynolds,0,0,1,1
Martin Emmett Toppino,0,1,0,1
Martin Jellinghaus,1,0,0,1
Martin William Hawkins (Hakansson-),1,0,0,1
Martina Helga Hellmann (Opitz-),0,1,0,1
Martti Bertil Marttelin,1,0,0,1
Martyn Joseph Rooney,1,0,0,1
Mary Elizabeth "Molly" Killingbeck,0,0,1,1
Mary Elizabeth Peters,0,1,0,1
Mary Frizzell (-Thomasson),0,0,1,1
Mary Louise Carew (-Armstrong),0,1,0,1
Mary Trainor Washburn (-Conklin),0,0,1,1
Mary Wineberg (Danner-),0,1,0,1
Maryam Yusuf Jamal,1,0,0,1
Maryvonne Dupureur (Samson-),0,0,1,1
Masao Harada,0,0,1,1
Matej Tth,0,1,0,1
Matthew E. "Matt" Hemingway,0,0,1,1
"Matthew Gerald ""Matt"" Centrowitz, Jr.",0,1,0,1
Matthew Kiprotich Birir,0,1,0,1
Matthew MacKenzie "Mack" Robinson,0,0,1,1
Matti Efer "Efraim" Harju,0,0,1,1
Matti Henrikki Jrvinen,0,1,0,1
Matti Kalervo Sippala,0,0,1,1
Maureen Angela Jane Gardner (-Dyson),0,0,1,1
Maureen Caird (-Jones),0,1,0,1
Maurice Herriott,0,0,1,1
Maurice Marcel Jacques Norland,1,0,0,1
Maurice Paul Lon Delvart,1,0,0,1
Mauro Carlo Zuliani,1,0,0,1
Maurren Higa Maggi,0,1,0,1
Max Morinire,1,0,0,1
Maxwell Lander "Maxie" Parks,0,1,0,1
Maxwell Warburn "Maxey" Long,0,1,0,1
Mbulaeni Tongai Mulaudzi,0,0,1,1
McEWEN Shelby,0,0,1,1
Mebrahtom R. "Meb" Keflezighi,0,0,1,1
Mehdi Abdelhafid Baala,1,0,0,1
Melaine Antoinette Walker,0,1,0,1
"Melvin ""Mel"" Pender, Jr.",0,1,0,1
Meredith Bright Colket,0,0,1,1
Meredith Charles Gourdine (Gouardino-),0,0,1,1
Merlene Frazer,0,0,1,1
Merritt Hayward Giffin,0,0,1,1
Micah Kemboi Kogo,1,0,0,1
Michael "Mike" Musyoki,1,0,0,1
Michael "Mike" Ryan,1,0,0,1
Michael Allen Oswald Bingham,1,0,0,1
Michael Aloysius "Mike" Devaney,0,1,0,1
Michael Anthony "Mike" McFarlane,0,0,1,1
Michael Audley Frater,0,1,0,1
Michael Blackwood,0,0,1,1
Michael D'Andrea "Mike" Carter,0,0,1,1
Michael DeLorean Tinsley,0,0,1,1
Michael Dion Bates,1,0,0,1
Michael Duane "Mike" Stulce,0,1,0,1
Michael James "Mike" McLeod,0,0,1,1
Michael Keith Valentine "Mike" Wheeler,1,0,0,1
Michael Kipsubut "Mike" Boit,1,0,0,1
Michael Lyle "Mike" Shine,0,0,1,1
Michael Reese Hoffa,1,0,0,1
Michael Scott "Mike" Tully,0,0,1,1
Michel Jazy,0,0,1,1
Michel Johann Thato,0,1,0,1
Michele Mary Mason-Brown,0,0,1,1
Michele Tito,1,0,0,1
Michelle Bonae Finn (-Burrell),0,1,0,1
Michelle Denee Carter,0,1,0,1
Michelle Freeman,1,0,0,1
Michelle Probert-Scutt,1,0,0,1
Michle Marie George Chardonnet (-Piasenta),1,0,0,1
Miguel S. White,1,0,0,1
Miguelina Cobin Hechavarra,0,0,1,1
Mihaela Loghin,0,0,1,1
Mihly Dvid,0,0,1,1
Mikhail Anatolyevich Shchennikov,0,0,1,1
Mikhail Innokentyevich Linge,0,1,0,1
Mikhail Petrovich Krivonosov,0,0,1,1
Mikio Oda,0,1,0,1
Mikls Nmeth,0,1,0,1
Mildred Fizzell (-Walker),0,0,1,1
Mildred Jeanette Dolson (-Cavill),1,0,0,1
Mildred Louise "Millie" McDaniel (-Singleton),0,1,0,1
Mildred Olive Wiley (-Dee),1,0,0,1
"Mildrette Netter (-Bell, -Graves)",0,1,0,1
Million Wolde,0,1,0,1
Miloslava Hbnerov-Rezkov,0,1,0,1
Miltiadis Gouskos,0,0,1,1
Mirela Krasimirova Demireva,0,0,1,1
Mitchell "Mitch" Watt,0,0,1,1
Mizuki Noguchi,0,1,0,1
Mlina Robert-Michon,0,0,1,1
Mobolade Abimbola Ajomale,1,0,0,1
Mohamed Ahmed Suleiman,1,0,0,1
Mohamed Kedir,1,0,0,1
Morolake Akinosun,0,1,0,1
Moses Kipkore Kiptanui,0,0,1,1
Moses Omote Ugbisien,1,0,0,1
Moulay Brahim Boutayeb,0,1,0,1
Moushaumi Robinson,0,1,0,1
Mric "Mr" Kczn,1,0,0,1
Mrta Antal-Rudas,0,0,1,1
Muriel Hurtis-Houairi,1,0,0,1
Murray Gordon Halberg,0,1,0,1
Musa Audu,1,0,0,1
Mykola Yakovych Smaha,1,0,0,1
Myrtle Alice Cook (-McGowan),0,1,0,1
NADEEM Arshad,0,1,0,1
NASER Salwa Eid,0,0,1,1
NDORI Bayapo,0,0,1,1
NEITA Daryll,0,0,1,1
NEUGEBAUER Leo,0,0,1,1
NEWMAN Alysha,1,0,0,1
NIELSEN Lina,1,0,0,1
NKOANA Bradley,0,0,1,1
NORMAN Michael,0,1,0,1
NUGUSE Yared,1,0,0,1
Nadezhda Leonidovna Kolesnikova-Ilyina,1,0,0,1
Nadezhda Nikolayevna Ostapchuk,1,0,0,1
Nadezhda Viktorovna Besfamilnaya,1,0,0,1
Nadezhda Yefimovna Konyayeva (-Samoylova),1,0,0,1
Nadia Davy,1,0,0,1
Nadine Kleinert-Schmitt,0,0,1,1
Nadiya Volodymyrivna Tkachenko (-Sapronova),0,1,0,1
Nafissatou "Nafi" Thiam,0,1,0,1
Naftali Bon,0,0,1,1
Naman Keta (Benzama-),1,0,0,1
Nanceen Lavern Perry,1,0,0,1
Nancy Jebet Langat,0,1,0,1
Nancy Mackay (Murrall-),1,0,0,1
Naoki Tsukahara,0,0,1,1
Naoko Takahashi,0,1,0,1
Nataliya Aleksandrovna Pechonkina-Chistyakova (Burda-),1,0,0,1
Nataliya Dmitriyevna Sokolova (Kulichkova-),1,0,0,1
Nataliya Ivanovna Shikolenko,0,0,1,1
Nataliya Nikolayevna Ivanova,0,0,1,1
Nataliya Valeryevna Khoronenko-Mikhnevich,0,0,1,1
"Nataliya Vasilyevna Lebedeva (-Suprun, -Monastyrskaya)",1,0,0,1
Nataliya Venediktovna Lisovskaya (-Sedykh),0,1,0,1
Nataliya Viktorivna Tobias (Sydorenko-),1,0,0,1
Nataliya Vladimirovna Pomoshchnikova-Voronova,1,0,0,1
Nataliya Volodymyrivna Dobrynska,0,1,0,1
Natasha De'Anka "Tasha" Danvers (-Smith-),1,0,0,1
Natasha E. Kaiser-Brown,0,0,1,1
Nathan Douglas Deakes,1,0,0,1
Nathon Allen,0,0,1,1
Nawal El-Moutawakel (-Bennis),0,1,0,1
Nduka Awazie,0,1,0,1
Nellie Halstead,1,0,0,1
Nelson vora,0,1,0,1
Nesta Carter,0,1,0,1
Nezha Bidouane,1,0,0,1
Nia Sifaatihii Ali,0,0,1,1
Nick E. Hysong,0,1,0,1
Nickel Ashmeade,0,1,0,1
Nicola Vizzoni,0,0,1,1
Nicole Leistenschneider (-Mikisch),1,0,0,1
Nijel Carlos Amilfitano Amos,0,0,1,1
Nijol Sabait (-Razien),0,0,1,1
Niki Bakogianni,0,0,1,1
Nikolay Aleksandrovich Sidorov,0,1,0,1
Nikolay Ivanovich Kirov,1,0,0,1
Nikolay Nikolayevich Chernetsky,0,1,0,1
Nikolay Nikolayevich Sokolov,0,0,1,1
Nikolay Vasilyevich Kolesnikov,1,0,0,1
Nikole Alangia Mitchell,1,0,0,1
Nikolina Pavlova Shtereva,0,0,1,1
Nils Frykberg,0,0,1,1
Nils Gottfrid Sandstrm,1,0,0,1
Nils Gunnar Lindstrm,0,0,1,1
Nils Schumann,0,1,0,1
Nina Anatolivna Ziuskova,0,1,0,1
Nino Dumbadze (-Diachk'ovi),1,0,0,1
Nixon Kiprotich,0,0,1,1
Nndor Dni,0,0,1,1
No Hernndez Valentn,0,0,1,1
Noah Kiprono Ngeny,0,1,0,1
Nobuharu Asahara,0,0,1,1
Noel Frederick Freeman,0,0,1,1
Noem Simonetto de Portela,0,0,1,1
Norbert Dobeleit,1,0,0,1
Norberto Tllez Santana,0,0,1,1
Norma Claire Thrower (Austin-),1,0,0,1
Norma Wilson Croker-Fleming,0,1,0,1
Norman Edwards,0,0,1,1
Norman Richard Read,0,1,0,1
Noureddine Morceli,0,1,0,1
Nouria Mrah-Benida,0,1,0,1
Nwanyika Jenete C. "Anyika" Onuora,1,0,0,1
OBIRI Hellen,1,0,0,1
OGRODNIKOVA Nikola,1,0,0,1
OGUNLEYE Yemisi,0,1,0,1
OHURUOGU Victoria,1,0,0,1
OLYSLAGERS Nicola,0,0,1,1
OMALLA Eugene,0,1,0,1
Oana Manuela Muunoi-Pantelimon,1,0,0,1
Obadele Olutosin Thompson,1,0,0,1
Oksana Vladimirovna Menkova,0,1,0,1
Olabisi "Bisi" Afolabi,0,0,1,1
Olapade Charles Adeniken,0,0,1,1
Olav Sunde,1,0,0,1
Oleg Georgiyevich Fedoseyev,0,0,1,1
Oleksandr Mykolaiovych Bahach,1,0,0,1
Oleksandr Serhiyovych P'iatnytsia,0,0,1,1
Oleksandr Volodymyrovych Krykun,1,0,0,1
Olena Anatolivna Antonova,1,0,0,1
Olena Anatolivna Ovcharova-Krasovska,0,0,1,1
Olena Ivanivna Hovorova,1,0,0,1
"Olena Zhupiyeva-V'iazova (-Dershan, -Skachkova)",1,0,0,1
Olesia Ivanivna Povkh,1,0,0,1
Olesya Aleksandrovna Krasnomovets (-Forsheva),0,0,1,1
Olga Aleksandrovna Rukavishnikova,0,0,1,1
Olga Fikotov-Connolly,0,1,0,1
"Olga Gyarmati (-Vrkonyi, -Aczl)",0,1,0,1
Olga Ivanovna Kotlyarova,1,0,0,1
"Olga Mikhaylovna Bogoslovskaya (Naumkina-, -Guberniyeva, -Vasilyeva)",0,0,1,1
Olga Olegovna Fyodorova-Stulneva,0,0,1,1
Olga Petrovna Bondarenko (Krentser-),0,1,0,1
Olga Vasilyevna Shishigina (-Kutsakova),0,1,0,1
Olga Vitalyevna Kuragina (Nemogayeva-),1,0,0,1
Olha Valerivna Saladukha (-Kostyuk),1,0,0,1
Olimpiada Vladimirovna Ivanova,0,0,1,1
Olivia Borle,0,0,1,1
Ollan Conley Cassell,0,1,0,1
Olof Agne Laurentius Holmstrm,1,0,0,1
Oludamola Bolanle "Damola" Osayomi,1,0,0,1
Olusoji Adetokumbo Fasuba,1,0,0,1
Oluyemi Kayode,0,0,1,1
Omar McLeod,0,1,0,1
Orazio Mariani,0,0,1,1
Orlando Ortega Alejo,0,0,1,1
Oskar Alfred Daniel "Fred" Warngrd,1,0,0,1
Osmond Ezinwa,0,0,1,1
Ossian Esaias Skild,0,0,1,1
Otto Neumann,0,0,1,1
Otto-Paul Trieloff,0,0,1,1
Ove Andersen,1,0,0,1
Owen Guinn Smith,0,1,0,1
PATTERSON Eleanor,1,0,0,1
PAULINO Marileidy,0,1,0,1
PESELA Anthony,0,0,1,1
PETERS Anderson,1,0,0,1
PICHARDO Pedro,0,0,1,1
PINNOCK Wayne,0,0,1,1
Paavo (Paul-) Johansson (-Jaale),1,0,0,1
Paavo Ilmari Yrjl,0,1,0,1
Paavo Tapio Kantanen,1,0,0,1
Pablo Montes Casanova,0,0,1,1
Pamela Jelimo (Chelimo),0,1,0,1
Pamela Theresa "Pam" Jiles,0,0,1,1
Panagiotis Paraskevopoulos,0,0,1,1
Paola Pigni (-Cacchi),1,0,0,1
Paraskevi "Voula" Patoulidou (-Zarzavatsidou),0,1,0,1
Pascal Barr,1,0,0,1
Passion J. Richardson,1,0,0,1
Patricia "Pat" Jones (-Dalziel),1,0,0,1
Patricia Diane Foster,1,0,0,1
Patricia Girard-Lno,1,0,0,1
Patrick "Pat" Dwyer,0,0,1,1
Patrick Barr,1,0,0,1
Patrick J. "Pat" Flynn,0,0,1,1
Patrick Kiprop Sang,0,0,1,1
Paul Childric Xavier Lizandier,1,0,0,1
Paul Ereng,0,1,0,1
Paul Kipkemboi Chelimo,0,0,1,1
Paul Kipngetich Tanui,0,0,1,1
Paul Kipsiele Koech,1,0,0,1
Paul Louis Marcel Genevay,1,0,0,1
Paul Ludwig Weinstein,1,0,0,1
Paul Pierre Bontemps,1,0,0,1
Paul-Heinz Wellmann,1,0,0,1
Paul-Ren Martin,0,0,1,1
Paula Mollenhauer,1,0,0,1
Pauli Lauri Nevala,0,1,0,1
Pauline Konga,0,0,1,1
Pekka Antero Vasala,0,1,0,1
Per Fredrik Ture Person,0,0,1,1
Percy Morris Beard,0,0,1,1
Petar Nikolov Petrov,1,0,0,1
Peter Elliott,0,0,1,1
Peter George Norman,0,0,1,1
Peter Kipchumba Rono,0,1,0,1
Peter Koech,0,0,1,1
Peter Matthews,0,0,1,1
Peter Timothy "Pete" Zaremba,1,0,0,1
Petra Meier-Felke,0,1,0,1
Philip Andrew "Phil" Brown,0,0,1,1
Philip John Baker (-Noel-Baker),0,0,1,1
Phillips Olaosebikan Idowu,0,0,1,1
Phylis J. Smith (-Watt),1,0,0,1
Phyllis Chanez Francis,0,1,0,1
Pierre Alexandre Tuffri,0,0,1,1
Pierre Alexis Louis Failliot,0,0,1,1
Pierre Jean Guy Quinon,0,1,0,1
Pierre Lewden,1,0,0,1
Pierre-Alexis Pessonneaux,1,0,0,1
Pl Simon,1,0,0,1
Priscah Jeptoo (-Chepsirut),0,0,1,1
Priscilla Lopes-Schliep,1,0,0,1
Pyotr Grogoryevich Bolotnikov,0,1,0,1
Pyotr Ivanovich Pochenchuk,0,0,1,1
Qieyang Shenjie,1,0,0,1
Qu Yunxia,1,0,0,1
RICHARDSON Benjamin,0,0,1,1
RICKETTS Shanieka,0,0,1,1
ROBERTS Daniel,0,0,1,1
RODNEY Brendon,0,1,0,1
ROGERS Camryn,0,1,0,1
ROOKS Kenneth,0,0,1,1
ROOTH Markus,0,1,0,1
RUSSELL Masai,0,1,0,1
Rachid El-Basir,0,0,1,1
Ragnar Torsten Lundberg,1,0,0,1
Ralf Lbke,1,0,0,1
Ralph Anthony Hill,0,0,1,1
Ralph Douglas Doubell,0,1,0,1
Ralph Gorman Hills,1,0,0,1
Ralph Vernon Mann,0,0,1,1
Raphael Marcel Holzdeppe,1,0,0,1
Raymond Douglas "Ray" Stewart,0,0,1,1
Raymond Gray "Ray" Lewis,1,0,0,1
Raymond Richard "Ray" Armstead,0,1,0,1
Reda Abdalaati Iguider,1,0,0,1
Reginald Edgar "Reggie" Walker,0,1,0,1
Reginald Edwin "Regi" Witherspoon,0,1,0,1
Rein Aun,0,0,1,1
Reinaldo Berto Gorno,0,0,1,1
Remigijus Valiulis,0,1,0,1
Ren Eugne Ernest Tirard,0,0,1,1
Ren Fernand Alexandre Mourlon,0,0,1,1
Ren Zacharie Alfred Lorain,0,0,1,1
Renate Boy-Garisch-Culmberger,0,0,1,1
Reuben Seroney Kosgei,0,1,0,1
Rhadi Ben Abdesselam,0,0,1,1
Richard Aldrich "Rink" Babka,0,0,1,1
Richard Charles "Rick" Mitchell,0,0,1,1
Richard Charles "Rick" Wohlhuter,1,0,0,1
Richard Chelimo,0,0,1,1
Richard Corts,0,0,1,1
Richard Douglas "Dick" Fosbury,0,1,0,1
Richard Frederick Remer,1,0,0,1
Richard Kevan Gosper,0,0,1,1
Richard Kipkemboi Mateelong,1,0,0,1
Richard Krebs,0,0,1,1
Richard Lee "Dick" Cochran,1,0,0,1
Richard Leslie "Dick" Byrd,0,0,1,1
Richard Nicholson "Dick" Ripley,1,0,0,1
Richard Vaughn "Dick" Stebbins,0,1,0,1
Richard Wayne "Dick" Howard,1,0,0,1
Richmond Wilcox "Dick" Landon,0,1,0,1
"Rita Khne (-Andrich, -Schiemann)",0,1,0,1
Robbie Ian Brightwell,0,0,1,1
Robert "Bob" Beamon,0,1,0,1
Robert "Bobby" Cloughen,0,0,1,1
Robert Alexander Lindsay,0,1,0,1
Robert Allan "Bob" Kiesel,0,1,0,1
Robert Allen "Bob" Gutowski,0,0,1,1
Robert C. Chef d'Htel,0,0,1,1
Robert Clark "Bob" Young,0,0,1,1
Robert Earl "Bob" McMillen,0,0,1,1
Robert Esmie,0,1,0,1
Robert Grandison "Bob" Leavitt,0,1,0,1
Robert Harting,0,1,0,1
Robert Henri Marchal,1,0,0,1
Robert Howard "Bob" Bennett,1,0,0,1
Robert Hyatt "Bob" Clark,0,0,1,1
Robert John "Rob" Tobin,1,0,0,1
Robert Karl "Robbie" Grabarz,1,0,0,1
Robert Keyser "Bob" Schul,0,1,0,1
Robert Logan "Bob" Van Osdel,0,0,1,1
Robert Lucien Pierre "Bob" LeGendre,1,0,0,1
Robert Morton Newburgh "Bob" Tisdall,0,1,0,1
Robert Ouko,0,1,0,1
Robert Schurrer,0,0,1,1
Robert Wade "Bob" King,0,1,0,1
Robert Zmlk,0,1,0,1
Robert' Shavlaq'adze,0,1,0,1
Roberta Brunet,1,0,0,1
Roberto Hernndez Prendes,0,0,1,1
Roberto Saturnino Moya Sandoval,1,0,0,1
Roberto Tozzi,1,0,0,1
Rodion Aksanovich Gataullin,0,0,1,1
"Rodney ""Rod"" Milburn, Jr.",0,1,0,1
Rodney Phillip "Rod" Dixon,1,0,0,1
Roger "Jack" Parker,1,0,0,1
Roger Moens,0,0,1,1
Roland Wieser,1,0,0,1
Roman Anatoliyovych Shchurenko,1,0,0,1
Romeo Bertini,0,0,1,1
Romy Mller (Schneider-),0,1,0,1
Ronald Hugh "Ron" Morris,0,0,1,1
Ronald James "Ron" Brown,0,1,0,1
Ronald Michael "Ronnie" Delany,0,1,0,1
Ronald Pognon,1,0,0,1
Ronald Ray "Ronnie Ray" Smith,0,1,0,1
Ronald William "Ron" Clarke,1,0,0,1
Ronell Joshua "Josh" Mance,0,0,1,1
Ronetta Jamilah Smith,1,0,0,1
Rosalyn Evette Bryant (-Clark),0,0,1,1
Rosemarie "Rosie" Witschas-Ackermann,0,1,0,1
Rosina "Rosa" Kellner (-Schimpfauer),1,0,0,1
Rotimi Peters,1,0,0,1
Roxbert Martin,1,0,0,1
Rudolf (-Rezs) Bauer,0,1,0,1
Rudolf Pavlovych Povarnitsyn,1,0,0,1
Rudolf Waldemar "Rudi" Harbig,1,0,0,1
Ruggero Maregatti,1,0,0,1
Ruhi Saralp,1,0,0,1
Rui Manuel Monteiro da Silva,1,0,0,1
Rusheen McDonald,0,0,1,1
Ruth Augusta Svedberg,1,0,0,1
Ruth Beita Vila,0,1,0,1
Ruth Irene Osburn,0,0,1,1
Ruth Jebet,0,1,0,1
Ryan Crouser,0,1,0,1
Ryota Yamagata,0,0,1,1
Ryszard Katus,1,0,0,1
Ryszard Podlas,0,0,1,1
SAALBERG Eveline,0,0,1,1
SAMBA-MAYELA Cyrena,0,0,1,1
SAMUKONGA Muzala,1,0,0,1
SCOTCH Leungo,0,0,1,1
SEDJATI Djamel,1,0,0,1
SIMBINE Akani,0,0,1,1
SONG Jiayuan,1,0,0,1
STONA Roje,0,1,0,1
Sabin William Carr,0,1,0,1
Sabine Braun,1,0,0,1
Sabine Busch (-Ascui),1,0,0,1
Sabine Christine Everts (-Thomaskamp),1,0,0,1
"Sabine John (Mbius-, -Paetz)",0,0,1,1
Saida Gunba (-Kikidze),0,0,1,1
Salah Hissou,1,0,0,1
Sally Jepkosgei Kipyego,0,0,1,1
Salvatore Antibo,0,0,1,1
Salvatore Morale,1,0,0,1
Sam Kendricks,1,0,0,1
Samantha Henry-Robinson,0,0,1,1
Samson Kitur,1,0,0,1
Samuel "Sam" Ferris,0,0,1,1
Samuel Glenn Hartranft,0,0,1,1
Samuel Kamau "Sammy" Wanjiru,0,1,0,1
Samuel Matete,0,0,1,1
Samuel Rafael "Sameli" Tala,0,1,0,1
Samuel Symington "Sam" Jones,0,1,0,1
Sandi Morris,0,0,1,1
Sandra Marie Douglas,1,0,0,1
Sandra Marie Farmer-Patrick (Miller-),0,0,1,1
Sandro Ricardo Rodrigues Viana,1,0,0,1
Sanjay Claude Ayre,0,0,1,1
Sara Kolak,0,1,0,1
Sara Slott-Bruun Petersen,0,0,1,1
Satymkul Dzhumanazarov,1,0,0,1
Saul Weigopwa,1,0,0,1
Schillonie Calvert,0,0,1,1
Schuyler Colfax "Sky" Enck,1,0,0,1
Semyon Ivanovich Rzhishchin,1,0,0,1
Seppo Tapio Aleksanteri Korjus,0,1,0,1
Sergey Aleksandrovich Kirdyapkin,0,1,0,1
Sergey Petrovich Klyugin,0,1,0,1
Sergey Viktorovich Zhelanov,1,0,0,1
Serhiy Nazarovych "Sergey" Bubka,0,1,0,1
Shalane Flanagan (-Edwards),0,0,1,1
Shashalee Forbes,0,0,1,1
Shaunae Miller (-Uibo),0,1,0,1
Sheena Johnson-Tosta,0,0,1,1
"Sheila Ann Echols (-Williams, -Gross)",0,1,0,1
Sheila Hilary Parkin-Sherwood,0,0,1,1
Sheila Rena Ingram,0,0,1,1
Sheila W. Lerwill (Alexander-),0,0,1,1
Shingo Suetsugu,0,0,1,1
Shinji Takahira,0,0,1,1
Shirley Cawley (-Berry),1,0,0,1
Shirley Elaine Strong,0,0,1,1
Shoryu (Sung-Yong) Nan (Nam),1,0,0,1
Shota Iizuka,0,0,1,1
Si Tianfeng,1,0,0,1
Sidney Herbert Hatch,0,0,1,1
Siegfried "Siggi" Wentz,1,0,0,1
Siegrun Siegl (Thon-),0,1,0,1
Sigrun Wodars-Grau (Ludwigs-),0,1,0,1
Silas Edward "Eddie" Southern,0,0,1,1
Silke Mller (Gladisch-),0,0,1,1
Silke Renk (-Lange),0,1,0,1
Silvio Leonard Sarra,0,0,1,1
Simeon Galvez Toribio,1,0,0,1
Simeon Garland "Sim" Iness,0,1,0,1
Simone Facey,0,0,1,1
Sndor Rozsnyi (Rosner-),0,0,1,1
Sofia Assefa Abebe,1,0,0,1
Son Gi-Jeong,0,1,0,1
Sonia May Lannaman (-Garmston),1,0,0,1
Sonia O'Sullivan,0,0,1,1
Sophie Hitchon,1,0,0,1
Sotirios Versis,1,0,0,1
Spyridon "Spyros" Louis,0,1,0,1
"Stacy Rene Dragila (Mikaelsen-, -Waltz)",0,1,0,1
Stanley Brooks "Stan" Glover,1,0,0,1
Stanley Frank "Stan" Vickers,1,0,0,1
Stefan Christian Holm,0,1,0,1
Stefan Junge,0,0,1,1
Stefanie "Steffi" Nerius,0,0,1,1
Stefano Baldini,0,1,0,1
Stefano Malinverni,1,0,0,1
Sten Karl Leopold Pettersson,1,0,0,1
Stephan Timo Freigang,1,0,0,1
Stephanie "Steffi" Graf (-Zitny),0,0,1,1
Stephanie Karenmonica Brown-Trafton,0,1,0,1
Stephen "Steve" Cram,0,0,1,1
Stephen Andrew "Steve" Seymour (-Cohen),0,0,1,1
Stephen Arusei Kipkorir Anyim,1,0,0,1
Stephen Eugene "Steve" Anderson,0,0,1,1
Stephen Kiprotich,0,1,0,1
Stephen Newbold,1,0,0,1
Stephenie Ann McPherson,0,0,1,1
Sterling Dale Hinds,1,0,0,1
Steven Earl "Steve" Riddick,0,1,0,1
Steven Gardiner,1,0,0,1
Steven Leslie "Steve" Hooker,0,1,0,1
Sueo Oe,1,0,0,1
Sui Xinmei,0,0,1,1
Suleiman Nyambui,0,0,1,1
Sulo Richard Brlund,0,0,1,1
Sunday Bada,0,1,0,1
Sunday Uti,1,0,0,1
Sunder Lamont Nix,0,1,0,1
Sunette Stella Viljoen,0,0,1,1
Susan Christina "Sue" Hearnshaw (-Telfer),1,0,0,1
Sven Anders Grderud,0,1,0,1
Sven August Malm,1,0,0,1
Sven Emil Lundgren,1,0,0,1
Sven Otto Nilsson,1,0,0,1
Sverre Hilmar Hansen,1,0,0,1
Svetlana Ivanovna "Esfir" Dolzhenko-Krachevskaya,0,0,1,1
Svetlana Valentinovna Goncharenko (Doronina-),1,0,0,1
Svetlana Vladimirovna Krivelyova,0,1,0,1
Svetlana Vladimirovna Shkolina,1,0,0,1
Sylvia Cheeseman (-Disley),1,0,0,1
Sylviane Flix,1,0,0,1
Sylvio Paul Cator,0,0,1,1
Szymon Zikowski,0,1,0,1
TENTOGLOU Miltiadis,0,1,0,1
TERRY Twanisha,0,1,0,1
THIAM Nafissatou,0,1,0,1
THOMPSON Kishane,0,0,1,1
TOLA Tamirat,0,1,0,1
Tadeusz Rut,1,0,0,1
Taisiya Filippovna Chenchik,1,0,0,1
Tamara Andreyevna Tyshkevich,0,1,0,1
Tamara Vladimirovna Bykova,1,0,0,1
Tamirat Tola Abera,1,0,0,1
Tariku Bekele Beyecha,1,0,0,1
Tatiana Grigorieva,0,0,1,1
Tatyana Alekseyevna Kolpakova (-Abbyasova),0,1,0,1
"Tatyana Andreyevna Talysheva (-Volkova, -Tregub)",1,0,0,1
Tatyana Dmitriyevna Lesovaya (Starodubtseva-),1,0,0,1
Tatyana Gennadyevna Goyshchik (-Nasonova),0,1,0,1
Tatyana Ivanovna Tomashova,0,0,1,1
Tatyana Leonidovna Veshkurova,0,0,1,1
Tatyana Mikhaylovna Anisimova (Poluboyarova-),0,0,1,1
Tatyana Petrovna Providokhina (-Fedorenko),1,0,0,1
Tatyana Sergeyevna Shchelkanova,1,0,0,1
Tatyana Valeryevna Petrova-Arkhipova,1,0,0,1
Tatyana Viktorovna Lysenko (-Beloborodova),0,1,0,1
Taylor Ellis-Watson,0,1,0,1
Tell Schirnding Berna,0,1,0,1
Terence Lloyd Johnson,1,0,0,1
Tereza Moncheva Marinova,0,1,0,1
Tero Kristian Pitkmki,1,0,0,1
Tesfaye Tola,1,0,0,1
Tetiana Viktorivna Skachko (Pakhovska-),1,0,0,1
Tetiana Viktorivna Tereshchuk-Antypova,1,0,0,1
Thaddeus Rutter "Thad" Shideler,0,0,1,1
Thelma Elizabeth Hopkins (-McClernon),0,0,1,1
Themistoklis Diakidis,1,0,0,1
Theodore William "Bill" Bruce,0,0,1,1
Theodorus Jacobus Leonardus "Dick" Quax,0,0,1,1
Theresa Ione "Tessa" Sanderson (-White),0,1,0,1
Thiago Braz da Silva,0,1,0,1
Thierry Georges Vigneron,1,0,0,1
Thomas "Tom" Evenson,0,0,1,1
Thomas Francis "Tom" Cronan,1,0,0,1
Thomas Francis "Tom" Farrell,1,0,0,1
Thomas Francis "Tom" Kiely,0,1,0,1
Thomas Frederick Humphreys,1,0,0,1
Thomas John "Tom" Hicks,0,1,0,1
Thomas John "Tom" Lieb,1,0,0,1
Thomas John Henry "Tom" Richards,0,0,1,1
Thomas Lionel "Tom" Hill,1,0,0,1
Thomas Munkelt,0,1,0,1
Thomas Pelham "Tom" Curtis,0,1,0,1
Thomas Pkemei Longosiwa,1,0,0,1
Thomas Rhler,0,1,0,1
Thomas Theodore Jefferson,1,0,0,1
Thomas William "Tommy" Green,0,1,0,1
Tia Hellebaut (Van Haver-),0,1,0,1
Timothy "Tim" Mack,0,1,0,1
Timothy Alexander "Tim" Munnings,1,0,0,1
Timothy Charles "Tim" Forsyth,1,0,0,1
Timothy Joseph "Tim" Ahearne,0,1,0,1
Timothy Joseph Michael "Tim" Graham,0,0,1,1
Timothy Kitum,1,0,0,1
Timothy M. "Tim" Harden,0,0,1,1
Toby Lynn Stevenson,0,0,1,1
Todd Anthony Bennett,0,0,1,1
Toivo Aarne Loukola,0,1,0,1
Toivo Armas Hyytiinen,1,0,0,1
Tom Dvok,1,0,0,1
Tomas "Tom" Walsh,1,0,0,1
Tommie C. Smith,0,1,0,1
Tonique Williams-Darling,0,1,0,1
Tonja Yvette Buford-Bailey,1,0,0,1
Tore Ingemar Sjstrand,0,1,0,1
Torri Mechelle Edwards,1,0,0,1
Torsten Voss,0,0,1,1
Trebisonda "Ondina" Valla (-De Lucchi),0,1,0,1
Trevor Graham,0,0,1,1
Troy McIntosh,1,0,0,1
Tsegaye Kebede Wordofa,1,0,0,1
Tullio Gonnelli,0,0,1,1
Uchenna Emedolu,1,0,0,1
Ulf-Bla Timmermann,0,1,0,1
Ulis C. Williams,0,1,0,1
Ulrike Klapezynski-Bruns,1,0,0,1
"Ursula ""Ulla"" Donath (Jurewitz-, -Brehme-)",1,0,0,1
Ursula Knab (-Schlicksupp),0,0,1,1
Urszula Kielan (-Lipiec),0,0,1,1
Uta Rohlnder (-Fromm),1,0,0,1
Ute Hommola,1,0,0,1
Ute Thimm (Finger-),1,0,0,1
Uwe Beyer,1,0,0,1
VICTOR Lindon,1,0,0,1
VIDTS Noor,1,0,0,1
Vadim Anatolyevich Devyatovsky,0,0,1,1
Vadims Vasievskis,0,0,1,1
Vala R. Flosadttir,1,0,0,1
Valent Massana Gracia,1,0,0,1
Valentin Aleksandrovich Gavrilov,1,0,0,1
Valentyna Vasylivna Kozyr (-Avilova),1,0,0,1
Valeria "Valy" Ionescu (-Constantin),0,0,1,1
Valeria Bufanu-tefnescu,0,0,1,1
Valeriano Pompeo Maurizio "Valerio" Arri,1,0,0,1
Valeriy Vasylovych Pidluzhniy,1,0,0,1
Valeriy Viktorovich Borchin,0,1,0,1
Vanderlei Cordeiro de Lima,1,0,0,1
Vasilka Rafailova Stoeva (Malusheva-),1,0,0,1
Vasily Borisovich Kaptyukh,1,0,0,1
Vasily Vasilyevich Rudenkov,0,1,0,1
Vasily Vladimirovich Khmelevsky,1,0,0,1
Vasyl Albertovych Arkhypenko,0,0,1,1
Vebjrn Rodal,0,1,0,1
Veikko Leo Karvonen,1,0,0,1
Veniamin Vasilyevich Soldatenko,0,0,1,1
Verne Hobson Booth,0,0,1,1
Victor Henry Augustus "Vic" d'Arcy,0,1,0,1
Viktor Arkadiyovych Bryzhin,0,1,0,1
Viktor Ivanovich Rashchupkin,0,1,0,1
Viktor Petrovich Kravchenko,1,0,0,1
Viktor Volodymyrovych Burakov,0,1,0,1
Viktoriya Ivanivna "Vita" Stopina,1,0,0,1
Vilhjlmur Einarsson,0,0,1,1
Vilho Aleksander Niittymaa,0,0,1,1
Vilmos (Wilhelm von) Rcz,1,0,0,1
Vilmos Varj,1,0,0,1
Vin Jeremias Sipil,0,1,0,1
Vin Selim Heikkil (-Rauvola),0,0,1,1
Vin Villiam Siikaniemi (Siegberg-),0,0,1,1
Vincent Paul Nihill,0,0,1,1
Viola Myers,1,0,0,1
Violet Blanche Webb (-Simpson),1,0,0,1
Violet Rose Olney (-Parish),0,0,1,1
Violeta Beclea-Szekely,0,0,1,1
Violeta Quesada Daz,0,0,1,1
Viorica Viscopoleanu (Belmega-),0,1,0,1
Vira Ivanivna Popkova (Kabreniuk-),1,0,0,1
Vira Samulivna Kalashnykova-Krepkina,0,1,0,1
Vitaly Anatolyevich Savin,0,1,0,1
Vladimir Dmitriyevich Kazantsev,0,0,1,1
Vladimir Mikhaylovich Goryayev,0,0,1,1
Vladimir Nikolayevich Lovetsky,0,0,1,1
Vladimir Valentinovich Krylov,0,1,0,1
Vladimir Vasilyevich Andreyev,1,0,0,1
Vladimir Vladimirovich Dubrovshchik,0,0,1,1
Vnuste Niyongabo,0,1,0,1
Voitto Valdemar Hellstn,1,0,0,1
Volodymyr Viktorovych Kyselov,0,1,0,1
Vra Pospilov-Cechlov,1,0,0,1
Vronique Mang,1,0,0,1
Vyacheslav Ivanovich Ivanenko,0,1,0,1
Vyacheslav Nikolayevich Lykho,1,0,0,1
W. James Hatton,0,0,1,1
WALAZA Bayanda,0,0,1,1
WANYONYI Emmanuel,0,1,0,1
WARHOLM Karsten,0,0,1,1
WESCHE Maddison-Lee,0,0,1,1
WHITTAKER Isabella,0,0,1,1
WILLIAMS Bianca,0,0,1,1
Wadysaw Komar,0,1,0,1
Wadysaw Kozakiewicz,0,1,0,1
Walter Francis "Buddy" Davis,0,1,0,1
Walter Freeman,0,0,1,1
Walter Harold Porter,0,0,1,1
Walter Krger,0,0,1,1
Walter Lee McCoy,0,1,0,1
Walter Mahlendorf,0,1,0,1
Wang Liping,0,1,0,1
Wang Yan,1,0,0,1
Warren Antonio Weir,1,0,0,1
Warren Jay "Rex" Cawley,0,1,0,1
Wayde van Niekerk,0,1,0,1
Wayne Curtis Collett,0,0,1,1
Wendy Sly (Smith-),0,0,1,1
Werner "Harry" Storz,0,0,1,1
Werner Gnthr,1,0,0,1
Werner Lueg,1,0,0,1
Wiesaw Jan Maniak,0,0,1,1
Wilbur Marvin Thompson,0,1,0,1
Wilfred Kipkemboi Bungei,0,1,0,1
Wilfred Paulin Nichol,0,0,1,1
Wilhelm "Ville" Kyrnen,0,0,1,1
Wilhelm "Willy" Schrer,0,0,1,1
"Willard Lewis Tibbetts, Jr.",1,0,0,1
Willi Holdorf,0,1,0,1
William "Bill" Roberts,0,1,0,1
William Anthony "Bill" Toomey,0,1,0,1
William Bruce (-Caitlyn Marie) Jenner,0,1,0,1
William Coales,0,1,0,1
William Craig Moore,1,0,0,1
William David "Bill" Schmidt,1,0,0,1
William DeHart Hubbard,0,1,0,1
William Edwards "Bill" Stevenson,0,1,0,1
"William Franklin ""Bill"" Porter, III",0,1,0,1
William Franklin "Frank" Hamilton,0,1,0,1
William Frederick "Bill" Crothers,0,0,1,1
William Gottlieb (Wilhelm-) Frank,1,0,0,1
William Halpenny,1,0,0,1
William Herbert "Bill" Droegemueller,0,0,1,1
William John "Bill" Cox,1,0,0,1
William John "Billy" Sherring,0,1,0,1
William Joseph "Bill" Holland,0,0,1,1
William Kenneth "Ken" Carpenter,0,1,0,1
William Kiptarus Tanui,0,1,0,1
William Lee "Willie" May,0,0,1,1
William Mervin "Billy" Mills,0,1,0,1
William Preston "Bill" Miller,0,0,1,1
William Scott,1,0,0,1
William Solon "Bill" Dellinger,1,0,0,1
William Waring "Bill" Miller,0,1,0,1
William Welles "Bill" Hoyt,0,1,0,1
"William Wesley Coe, Jr.",0,0,1,1
"Willie James Smith, III",0,1,0,1
Willie Samuel Steele,0,1,0,1
Wilson Boit Kipketer,0,0,1,1
Wilson Kipsang Kiprotich,1,0,0,1
Wojciech Nowicki,1,0,0,1
Wolfgang Hanisch,1,0,0,1
Wolfgang Reinhardt,0,0,1,1
Wolfgang Schmidt,0,0,1,1
Wolrad Eberle,1,0,0,1
Xenia Stad-de Jong (-van Bijlevelt),0,1,0,1
Ximena Restrepo Gaviria,1,0,0,1
Xing Huina,0,1,0,1
YANG Jiayu,0,1,0,1
YAVI Winfred,0,1,0,1
Yang Chuan-Kwang "C. K.",0,0,1,1
Yanina Dislavovna Provalinskaya-Karolchik,0,1,0,1
Yarelis Barrios Castaeda,0,0,1,1
Yarisley Silva Rodrguez,0,0,1,1
Yaroslav Vladimirovich Rybakov,1,0,0,1
Yasmani Copello Escobar,1,0,0,1
Yekaterina Gennadyevna Volkova (-Mastrova),1,0,0,1
Yekaterina Ivanovna Poistogova (Zavyalova-),1,0,0,1
Yelena Aleksandrovna Sokolova (Kremnyova-),0,0,1,1
Yelena Anatolyevna Lashmanova,0,1,0,1
Yelena Borisovna Yelesina,0,1,0,1
Yelena Ivanovna Ruzina (Rykunova-),0,1,0,1
Yelena Nikolayevna Romanova (Malykina-),0,1,0,1
Yelena Sergeyevna Migunova,0,0,1,1
Yelena Vladimirovna Prokhorova,0,0,1,1
Yelena Vladimirovna Slesarenko (Sivushenko-),0,1,0,1
Yelizaveta Petrovna Bagryantseva (-Verkhoshanskaya),0,0,1,1
Yelyzaveta Viktorivna Bryzhina,1,0,0,1
Yevgeniy Yuryevich Lukyanenko,0,0,1,1
Yevgeniya Nikolayevna Kolodko,0,0,1,1
Yevgeniya Yevgeniyevna Polyakova,0,1,0,1
Yevgeny Ivanovich Maskinskov,0,0,1,1
Yevgeny Mikhaylovich Gavrilenko,1,0,0,1
Yevgeny Mikhaylovich Ivchenko,1,0,0,1
Yevgeny Vasilyevich Mironov,0,0,1,1
Yevhen Oleksandrovych Arzhanov,0,0,1,1
Yoel Garca Luis,0,0,1,1
Yoelbi Luis Quesada Fernndez,1,0,0,1
Yoshihide Kiryu,0,0,1,1
Yulimar del Valle Rojas Rodrguez,0,0,1,1
Yuliya Gennadyevna Tabakova (-Bubnenkova),0,0,1,1
Yuliya Igorevna Chermoshanskaya,0,1,0,1
"Yuliya Mikhaylovna Zaripova (Ivanova-, -Zarudneva-)",0,1,0,1
Yuliya Viktorovna Nesterenko (Bartsevich-),0,1,0,1
Yuliya Vladimirovna Sotnikova,1,0,0,1
Yumileidi Cumb Jay,0,1,0,1
Yunaika Crawford Rogert,1,0,0,1
Yury Mikhaylovich Borzakovsky,0,1,0,1
Yury Mikhaylovich Kutsenko,0,0,1,1
Yury Nikolayevich Lituyev,0,0,1,1
Yvette Winifred Williams (-Corlett),0,1,0,1
Yvonne Carol Grace Murray (-Mooney),1,0,0,1
ZHAO Jie,1,0,0,1
Zbigniew Jaremski,0,0,1,1
Zdzisaw Ludwik Krzyszkowiak,0,1,0,1
Zenon Licznerski,0,0,1,1
Zersenay Tadesse Habtesilase,1,0,0,1
Zhou Chunxiu,1,0,0,1
Zhu Jianhua,1,0,0,1
Zoltn Kvg,0,0,1,1
Zuzana Hejnov,1,0,0,1
de WITTE Lisanne,0,0,1,1
dn Bodor (Krausz-),1,0,0,1
dn Fldessy,1,0,0,1
dos SANTOS Alison,1,0,0,1
lodie Oudraogo,0,0,1,1
mile Ali Khan,0,0,1,1
mile Julien Champion,0,0,1,1
mile Torcheboeuf,1,0,0,1
rka Kaprkov,1,0,0,1
tienne Gailly,1,0,0,1
van DYK Jo-Ane,0,0,1,1
van de WIEL Anne,0,0,1,1
van der SCHOOT Myrte,0,0,1,1
