Name,Bronze,Gold,Silver,Total
"Michael Fred Phelps, II",2,23,3,28
"Dara Grace Torres (-Hoffman, -Minas)",4,4,4,12
Jennifer Elisabeth "Jenny" Thompson (-Cumpelik),1,8,3,12
Natalie Anne Coughlin (-Hall),5,3,4,12
Ryan Steven Lochte,3,6,3,12
Mark Andrew Spitz,1,9,1,11
Matthew Nicholas "Matt" Biondi,1,8,2,11
Franziska van Almsick,6,0,4,10
"Gary Wayne Hall, Jr.",2,5,3,10
Aleksandr Vladimirovich Popov,0,4,5,9
Ian James Thorpe,1,5,3,9
Leisel Marie Jones,1,3,5,9
Shirley Frances Babashoff,0,3,6,9
Zoltn Imre dn von Halmay,1,3,5,9
Allison Rodgers Schmitt,2,4,2,8
Charles Meldrum "Charlie" Daniels,2,5,1,8
Dawn Lorraine Fraser,0,4,4,8
Donald Arthur "Don" Schollander,0,7,1,8
Henry Taylor,3,4,1,8
Inge de Bruijn,2,4,2,8
Jason Edward Lezak,2,4,2,8
"Kornelia Ender (-Matthes, -Grummt)",0,4,4,8
Nathan Ghar-Jun Adrian,2,5,1,8
Petria Ann Thomas (-Jones),1,3,4,8
Roland Matthes,2,4,2,8
Susan "Susie" O'Neill,2,2,4,8
Aaron Wells Peirsol,0,5,2,7
Amanda Ray Beard (-Brown),1,2,4,7
Dagmar Hase,1,1,5,7
Dana Whitney Vollmer (-Grant),1,5,1,7
Grant George Hackett,1,3,3,7
Kirsty Leigh Coventry (-Seward),1,2,4,7
Kosuke Kitajima,2,4,1,7
Krisztina Egerszegi,1,5,1,7
Lisbeth Constance "Libby" Lenton-Trickett,2,4,1,7
Pieter Cornelis Martijn van den Hoogenband,2,3,2,7
Thomas Michael "Tom" Jager,1,5,1,7
Amy Deloris Van Dyken (-Rouen),0,6,0,6
Andrea Pollack (-Pinske),0,3,3,6
"Angelina L. ""Angel"" Martino (Myers-, -Sims)",3,3,0,6
Brendan Joseph Hansen,2,3,1,6
Daniela Hunger,3,2,1,6
Francis Joseph Edmund "Frank" De Beaurepaire,3,0,3,6
Iain Murray Rose,1,4,1,6
John Frederick Hencken,1,4,1,6
Kathleen Genevieve "Katie" Ledecky,0,5,1,6
Kristin Otto,0,6,0,6
"Lszl Cseh, Jr.",2,0,4,6
Matthew "Matt" Grevers,0,4,2,6
Melissa Jeanette "Missy" Franklin,1,5,0,6
Michael George Klim,1,2,3,6
Michael Gro,1,3,2,6
Rebecca Soni,0,3,3,6
Sun Yang,1,3,2,6
ZHANG Yufei,5,0,1,6
Alicia Jayne Coutts,1,1,3,5
Anders Sren Holmertz (Johansson-),1,0,4,5
Andrew Murray "Boy" Charlton,1,1,3,5
Antje Buschschulte (-Meeuw),5,0,0,5
Brittany Joyce Elmslie,0,2,3,5
Cate Natalie Campbell,2,2,1,5
Claes Arne Borg,2,1,2,5
Duke Paoa Kahino Makoe Hulikohoa Kahanamoku,0,3,2,5
Emily Jane Seebohm,0,2,3,5
HUSKE Torri,0,3,2,5
Halyna Mykolavna Prozumenshchykova-Stepanova (-Ivannykova),2,1,2,5
Ian Lowell Crocker,1,3,1,5
Ines Diers (-Noack),1,2,2,5
Jan Margo Henne (-Hawkins),1,3,1,5
Janet Beth Evans,0,4,1,5
John Arthur Jarvis,2,2,1,5
John Phillips Naber,0,4,1,5
Jon C. Olsen,1,4,0,5
Joshua Clark "Josh" Davis,0,3,2,5
Klete D. Keller,2,2,1,5
MARCHAND Leon,1,4,0,5
Mary Terstegge Meagher (-Plant),1,3,1,5
McKEOWN Kaylee,2,2,1,5
Melanie Rene "Mel" Schlanger (-Wright),1,2,2,5
O'CALLAGHAN Mollie,1,3,1,5
"Pedro Pablo Morales, Jr.",0,3,2,5
Peter Johann "Johnny" Weissmuller,0,5,0,5
SMITH Regan,0,2,3,5
"Shane Elizabeth Gould (-Innis, -Nelms)",1,3,1,5
Stephen Edward "Steve" Clark,0,5,0,5
Tsuyoshi Yamanaka,1,0,4,5
Yana Oleksandrivna Klochkova,0,4,1,5
Alain Andr Louis Edmond Bernard,1,2,1,4
Amanda Jo Weir (-Davis),1,0,3,4
Amaury Raymond Leveaux,0,1,3,4
Andrey Ivanovich Krylov,0,1,3,4
Anthony Lee Ervin,0,3,1,4
Birgit Treiber (-Beinroth),1,1,2,4
Bronte Amelia Arnold Barratt,1,1,2,4
Caren Metschuck (-Mahn),0,3,1,4
Chad Guy Bertrand le Clos,0,1,3,4
Charles Buchanan "Charlie" Hickcox,0,3,1,4
Cullen Andrew Jones,0,2,2,4
DOUGLASS Kate,0,2,2,4
Daniel Steven Kowalski,2,1,1,4
David Charles "Dave" Berkoff,1,2,1,4
Eleanor Agnes Garatti-Saville,1,2,1,4
Eleanor Suzanne "Ellie" Daniel (-Drye),2,1,1,4
Emil A. Rausch,1,2,1,4
Emma McKeon,1,1,2,4
Ford Hiroshi Konno,0,2,2,4
Francis "Frank" Gailey,1,0,3,4
Frank Wiegand,0,0,4,4
"Gary Wayne Hall, Sr.",1,1,2,4
Gennady Sergeyevich Prigoda,2,0,2,4
George Thomas Breen,3,0,1,4
Georgijs Kuikovs,2,0,2,4
Gillian "Jill" Sterkel,2,2,0,4
Gustavo Frana Borges,2,0,2,4
Hans-Joachim Klein,1,0,3,4
"Hendrika Wilhelmina ""Rie"" Mastenbroek (-Kuiper, -de Wit)",0,3,1,4
James Paul "Jim" Montgomery,1,3,0,4
"James Price ""Jimmy"" McLane, Jr.",0,3,1,4
Jeffrey Norman "Jeff" Rouse,0,3,1,4
Jerme Alan "Jerry" Heidenreich,1,2,1,4
Jessicah Lee "Jess" Schipper,2,2,0,4
John Thomas Devitt,1,2,1,4
Kaitlin Shea Sandeno (-Hogan),2,1,1,4
Kara Lynn Joyce,0,0,4,4
"Kathleen ""Kathy"" Ellis (-Landgraf, -Greer)",2,2,0,4
Katinka Hossz,0,3,1,4
Kerstin Kielga,3,0,1,4
Kieren John Perkins,0,2,2,4
Kosuke Hagino,2,1,1,4
LEDECKY Katie,1,2,1,4
Le Jingyi,0,1,3,4
Lenny Krayzelburg,0,4,0,4
Lin Li,1,1,2,4
Lorraine Joyce Crapp (-Thurlow),0,2,2,4
Madeline Jane "Maya" DiRado,1,2,1,4
Magdalena Johanna Maria "Marleen" Veldhuis,2,1,1,4
Manuela Stellmach (-Schubert),2,2,0,4
Margaret Joyce Cooper (-Badcock),3,0,1,4
Mary Alice Wayte (-Bradburne),1,2,1,4
Massimiliano Edgar Rosolino,2,1,1,4
McINTOSH Summer,0,3,1,4
Michael Jay "Mike" Burton,0,4,0,4
Michael Steward "Mike" Heath,0,3,1,4
Michael Vincent "Mike" Wenden,1,2,1,4
Michelle Marie Smith (-De Bruin),1,3,0,4
Mireia Belmonte Garca,1,1,2,4
Nancy Lynn Hogshead (-Makar),0,3,1,4
Neil Scott Walker,1,2,1,4
Pang Jiaying,2,0,2,4
Park Tae-Hwan,0,1,3,4
Penelope "Penny" Oleksiak,2,1,1,4
Peter Maxwell Evans,3,1,0,4
Peter William Vanderkaay,2,2,0,4
Ranomi Kromowidjojo,0,3,1,4
Rebecca "Becky" Adlington,2,2,0,4
Robert Earl "Bob" Bennett,2,2,0,4
Robert George "Bob" Windle,2,1,1,4
Sergey Viktorovich Koplyakov,0,2,2,4
Sharon Marie Stouder (-Clark),0,3,1,4
Simone Ashley Manuel,0,2,2,4
Simone Osygus (-Brune),2,0,2,4
Steffen Zesner,3,0,1,4
"Summer Elisabeth Sanders (-Henderson, -Schlopy)",1,2,1,4
Susan Christina "Chris" von Saltza (-Olmstead),0,3,1,4
Susan Jane "Sue" Pedersen (-Pankey),0,2,2,4
TITMUS Ariarne,0,2,2,4
Takeshi Matsuda,3,0,1,4
Tams Darnyi,0,4,0,4
Thor Bernhard Henning,1,0,3,4
Victor Davis,0,1,3,4
Viktor Georgiyevich Mazanov,2,0,2,4
Vladimir Valeryevich Bure,3,0,1,4
Vladimir Valeryevich Salnikov,0,4,0,4
Vladimir Vasilyevich "Vlad" Pyshnenko,0,1,3,4
WALSH Gretchen,0,2,2,4
YANG Junxuan,3,0,1,4
Zhuang Yong,0,1,3,4
va Grard-Novk,1,1,2,4
Aagje "Ada" Kok (-van der Linden),0,1,2,3
Adam Robert Pine,0,1,2,3
Aleksandra Viktorovna Gerasimenya,1,0,2,3
Alexander Timothy "Tim" McKee,0,0,3,3
Alice Mary Mills (-Tait),1,2,0,3
Allan Frederick Wood,3,0,0,3
"Ambrose ""Rowdy"" Gaines, IV",0,3,0,3
Andrew George Lauterstein,2,0,1,3
Ann Elisabeth Curtis (-Cuneo),0,2,1,3
Anna Maria Theodora Petra "Annemarie" Verstappen (-Janssen),2,0,1,3
Anne Ottenbrite (-Muylaert),1,1,1,3
Arsens Miskarovs,1,0,2,3
Ashley Tara Tappin (-Doussan),0,3,0,3
Barbara Krause (-Wanja),0,3,0,3
Birte Weigang (-Rode),0,1,2,3
Brenton Scott Rickard,1,0,2,3
Britta Steffen,1,2,0,3
Brooke Marie Bennett (-Frioud),0,3,0,3
Bruce Richard Robertson,1,0,2,3
CHALMERS Kyle,1,0,2,3
Camille-Marie Manuella Muffat,1,1,1,3
"Carl Joseph Robie, III",0,2,1,3
Carmela Schmidt (-Ertel),2,1,0,3
Carolyn Lynne "Carrie" Steinseifer (-Bates),0,3,0,3
Cecil Patrick Healy,1,1,1,3
Christian David Sprenger,1,0,2,3
Christian-Alexander Trger,3,0,0,3
Christine M. "Crissy" Ahmann-Leighton (-Perham),0,2,1,3
Christopher Charles "Chris" Jacobs,0,2,1,3
Claudia Anne Kolb,0,2,1,3
Claudia Mara Poll Ahrens,2,1,0,3
Conor James Dwyer,1,2,0,3
Cornelia "Conny" van Bentum,1,0,2,3
Cornelia Sirch (Embacher-),2,1,0,3
Csar Augusto Cielo Filho,2,1,0,3
Curtis Allen Myden,3,0,0,3
DRESSEL Caeleb,0,2,1,3
Danyon Joseph Loader,0,2,1,3
David Andrew Wilkie,0,1,2,3
David Egmont Theile,0,2,1,3
David Gavin Dickson,3,0,0,3
Deborah Elizabeth "Debbie" Meyer (-Weber),0,3,0,3
Denis Vladimirovich Pankratov,0,2,1,3
Diana Marie Munz (-DePetro),1,1,1,3
Dmitry Arkadyevich Volkov,2,0,1,3
Donna Elizabeth de Varona (-Pinto),0,3,0,3
Douglas Seneca "Doug" Gjertsen,1,2,0,3
Eamon Wade Sullivan,1,0,2,3
Elaine Tanner (-Watt),1,0,2,3
Elizabeth "Betsy" Mitchell,0,1,2,3
Erik K. Vendt,0,1,2,3
Ethelda Marguerite Bleibtrey (-Schlatke),0,3,0,3
FINK Nic,0,1,2,3
Fabien Pierre Aurlien Dominique Gilot,0,1,2,3
Florent Manaudou,0,1,2,3
Frances Cowells Schroth,2,1,0,3
"Frank Edward McKinney, Jr.",1,1,1,3
"Gabriele Wetzko (-Hartung, -Frischke, -Khne)",0,0,3,3
Gertrude Caroline "Trudy" Ederle,2,1,0,3
Giaan Leigh Rooney,0,1,2,3
"Gza Kiss (Drippei-, -Klein)",1,1,1,3
HARRIS Meg,0,1,2,3
Harold Hampton Hardwick,2,1,0,3
Harry Joseph Hebner,1,1,1,3
Hayden Ernest Stoeckel,2,0,1,3
Heidemarie "Heidi" Reineck,3,0,0,3
Heike Friedrich,0,2,1,3
Helene Emma Madison,0,3,0,3
Horst-Gnter Gregor,0,0,3,3
Hugues Duboscq,3,0,0,3
Igor Nikolayevich Polyansky,2,1,0,3
Inge Dekker,1,1,1,3
Jack Chapman Medica,0,1,2,3
James Magnussen,2,0,1,3
Jane Louise Barkman (-Brown),1,2,0,3
Jenna Leigh Johnson,0,2,1,3
Jnis "John" Konrads,2,1,0,3
Jodie Clare Henry,0,3,0,3
Johanna Maria "Hannie" Termeulen,1,0,2,3
John Gatenby "Jack" Hatfield,1,0,2,3
John Maurer Nelson,1,1,1,3
Joseph Bernard "Joe" Hudepohl,1,2,0,3
Josephine Eveline McKim (-Chalmers),1,2,0,3
Jrmy Stravius,0,1,2,3
Karen Margrethe Harup (-Petersen),0,1,2,3
Karin Seick,2,0,1,3
Kathryn Elise "Katie" Hoff (-Anderson),2,0,1,3
Katrin Meiner,1,2,0,3
Kaye Marie Hall (-Greff),1,2,0,3
Kenneth Marshall "Ken" Walsh,0,2,1,3
Kevin John Berry,1,1,1,3
Kyle Chalmers,2,1,0,3
Lars Arne Frlander,0,1,2,3
Laure Manaudou,1,1,1,3
Leo Joseph "Budd" Goodwin,2,1,0,3
Leonid Georgiyevich Ilyichov,2,0,1,3
Lillian Debra "Pokey" Watson (-Richardson),0,3,0,3
Linda Lee Gustavson (-McGuire),1,1,1,3
Lindsay Dianne Benko (-Mintenko),0,2,1,3
MURPHY Ryan,1,1,1,3
Malin Therse Alshammar,1,0,2,3
Marcus "Mark" Tewksbury,1,1,1,3
Marcus Anthony "Mark" Kerry,2,1,0,3
Marcus William "Mark" Stockwell,1,0,2,3
Margaret Josephine Hoelzer,1,0,2,3
Marie-Louise Jean Josphine Linssen-Vaessen,2,0,1,3
"Martha (Mrta) Maria Norelius (-McAllister, -Wright, -Brown)",0,3,0,3
Masanori Yusa,0,2,1,3
Matthew James "Matt" Welsh,1,0,2,3
Matthew Stephen C. "Matt" Targett,2,0,1,3
McKEON Emma,1,1,1,3
Megan M. Quann-Jendrick,0,2,1,3
Meike Freitag,2,0,1,3
"Melissa Louise Belote (-Hamlin, -Ripley)",0,3,0,3
Melvin "Mel" Stewart (-Monroe),1,2,0,3
Michael Allen "Mike" Wall,0,3,0,3
Michael Eugene "Mike" Stamm,0,1,2,3
Mitchell "Mitch" Ivey,1,1,1,3
Nadia Anita Louise Nall (-Richesson),1,1,1,3
Neil Brooks,1,1,1,3
Nicole Dawn Livingstone-Stevenson (-Clayton),2,0,1,3
Nicole Lee Haislett (-Bacher),0,3,0,3
Norbert Rzsa,0,1,2,3
Norman DeMille Ross,0,3,0,3
Novella Calligaris,2,0,1,3
Otto Scheff (Sochaczewsky-),2,1,0,3
Otto Wahle,1,0,2,3
Otylia Jdrzejczak,0,1,2,3
Oussama Mellouli,1,2,0,3
PAN Zhanle,0,2,1,3
Penelope "Penny" Heyns,1,2,0,3
Per Lennart Johansson,3,0,0,3
Peter Drake Rocca,0,1,2,3
"Rica Reinisch (-Assmann, -Neumann)",0,3,0,3
Richard "Ricky" Berens,0,2,1,3
Richard John "Rick" Carey,0,3,0,3
Robert Steven "Steve" Genter,0,1,2,3
Roland Mark Schoeman,1,1,1,3
Ryan Murphy,0,3,0,3
Ryosuke Irie,1,0,2,3
Samantha Linette "Sam" Riley,2,0,1,3
Sandra Lynn "Sandy" Neilson (-Bell),0,3,0,3
Sandra Vlker,2,0,1,3
Sarah Frederica Sjstrm,1,1,1,3
Sarah Michelle Ryan,0,1,2,3
Satomi Suzuki,2,0,1,3
Silke Hrner (-Schuck),1,2,0,3
Stefan Pfeiffer,2,0,1,3
Stephanie Louise "Steph" Rice,0,3,0,3
Susanne Jean "Susie" Atwood,1,1,1,3
Sylvia Eliina Ruuska,1,1,1,3
TANG Qianting,1,0,2,3
Thomas Fahrner,2,0,1,3
Thomas Fitzgerald "Tom" Dolan,0,2,1,3
Thomas Harold "Tom" Ponting,1,0,2,3
Todd Robert Pearson,0,2,1,3
Tracy Ann Caulkins (-Stockwell),0,3,0,3
Ulrike Richter (-Schmidt),0,3,0,3
Uwe Daler,1,1,1,3
Vladimir Ivanovich Kosinsky,1,0,2,3
Vladimir Vladimirovich Selkov,0,0,3,3
Vladislav Vladimirovich Kulikov,1,0,2,3
Wendy Lou Lansbach Boglioli,1,1,1,3
Whitney Lynn Hedgepeth (-Luther),0,1,2,3
"Willemijntje ""Willy"" den Ouden (-Broms, -Jager, -Schupper)",0,1,2,3
XU Jiayu,0,1,2,3
Yang Wenyi,0,1,2,3
Yannick Agnel,0,2,1,3
Yevgeny Viktorovich Sadovy,0,3,0,3
Yuliya Andreyevna Yefimova,1,0,2,3
ALEXY Jack,0,1,1,2
ANDERSON Iona,1,0,1,2
ARMSTRONG Hunter,0,1,1,2
Abbey Weitzeil,0,1,1,2
Adam George Peaty,0,1,1,2
"Aina Berg (-Brolin, -Heinze)",2,0,0,2
Albina Lucy Charlotte Osipowich (-Van Aken),0,2,0,2
Alexander "Alex" Baumann,0,2,0,2
Alexandre "Alex" Jany,2,0,0,2
Alfrd (Arnold-) Hajs (Guttmann-),0,2,0,2
Andrea Gyarmati (-Hesz),1,0,1,2
Andrey Vladislavovich Smirnov,1,0,1,2
Angie Lee Bainbridge,0,1,1,2
Anne Elizabeth Jardin (-Alexander),2,0,0,2
Anthony Conrad Nesty,1,1,0,2
Antoaneta Nikolova Frenkeva,1,0,1,2
Arkady Arkadyevich Vyachanin,2,0,0,2
Arvo Ossian Aaltonen,2,0,0,2
Ashley John Callus,1,1,0,2
Attila Czene,1,1,0,2
Aya Terakawa,2,0,0,2
BERKOFF Katharine,1,1,0,2
Beatrice Nicoleta Coad-Claru,1,0,1,2
Bengt Baron,1,1,0,2
Bengt Christer Wallin,0,0,2,2
Bengt Zikarsky,2,0,0,2
Beverley Joy Whitfield,1,1,0,2
Bradley Darrell Schumacher,0,2,0,2
Brian Stuart Goodell,0,2,0,2
Brooke Louise Hanson (-Clarke),0,1,1,2
Bruce MacFarlane Furniss,0,2,0,2
CECCON Thomas,1,1,0,2
Caeleb Remel Dressel,0,2,0,2
Cameron McEvoy,2,0,0,2
Cameron van der Burgh,0,1,1,2
Carolyn Jane Schuler,0,2,0,2
Carolyn Virginia Wood,0,2,0,2
Catherine Franoise Marella Plewinski (-Arie),2,0,0,2
Catherine L. "Cathy" Carr (-West),0,2,0,2
Catherine Mai-Lan Fox,0,2,0,2
Catherine Michelle "Katie" Meili,1,1,0,2
Cathy Jane Ferguson (-Brennan),0,2,0,2
Chantal Groot,1,0,1,2
Chester Andrew "Chet" Jastremski,1,1,0,2
Christine Marie Magnuson,0,0,2,2
"Clarence Linden ""Buster"" Crabbe, Jr.",1,1,0,2
Clment Lefert,0,1,1,2
Cody Miller,1,1,0,2
Constance Mabel "Connie" Jeans,0,0,2,2
Courtney Amanda Shealy (-Hart),0,2,0,2
Cristina Teuscher,1,1,0,2
Daniel Ploug "Dan" Jorgensen,1,1,0,2
Danila Sergeyevich "Dan" Izotov,1,0,1,2
David "Dave" Davies,1,0,1,2
David Charles Johnson,0,2,0,2
David Dennis "Dave" Wilson,0,1,1,2
David Edward Plummer,1,1,0,2
David William Fairbank,0,2,0,2
Deborah "Debbie" Clarke (-Zemba),2,0,0,2
Diana Iuliana Mocanu,0,2,0,2
Dirk Richter,2,0,0,2
Dniel Gyurta,0,1,1,2
Domenico Fioravanti,0,2,0,2
Donald Alexander "Sandy" Goss,0,0,2,2
"Donald Ward ""Don"" McKenzie, Jr.",0,2,0,2
Douglas Albert "Doug" Russell,0,2,0,2
Douglas Dale "Doug" Northway,1,1,0,2
Duncan Alexander Goodhew,1,1,0,2
Duncan John D'Arcy Armstrong,0,1,1,2
Duncan William MacNaughton Scott,0,0,2,2
Egon Henninger,0,0,2,2
Elizabeth Anne "Beth" Botsford,0,2,0,2
Elizabeth Lyon Beisel,1,0,1,2
Elizabeth Valerie Davies (-Latham),2,0,0,2
"Ellen Elizabeth King (-McPhearson, -Pearson)",0,0,2,2
Elvira Adolfovna Vasilkova (-Buchenkova),1,0,1,2
Enith Sijtje Maria Brigitha (-Salle),2,0,0,2
Eric John Namesnik,0,0,2,2
Erica Georgine Terpstra,1,0,1,2
Ernst Heinrich Hoppenberg,0,2,0,2
Ethel Minnie Lackie (-Watkins),0,2,0,2
Evelyn Tokue Kawamoto (-Konno),2,0,0,2
FINKE Bobby,0,1,1,2
FOSTER Carson,1,0,1,2
Faith Yvonne Leech (-Touhy),1,1,0,2
Federica Pellegrini,0,1,1,2
Felicity Madeline Galvez,0,2,0,2
Felix Jeffrey "Jeff" Farrell,0,2,0,2
Ferenc Csk (Lengvri-),1,1,0,2
Fernando "Xuxa" de Queiroz Scherer,2,0,0,2
Frederick Claude Vivian "Fred" Lane,0,2,0,2
Frederick Weber "Fred" Schmidt,1,1,0,2
Frederike Johanna Maria "Femke" Heemskerk,0,1,1,2
GUILIANO Chris,0,1,1,2
Gabriele Detti,2,0,0,2
Garrett Weber-Gale,0,2,0,2
Gary Arthur Chapman,1,1,0,2
Gary Robert Conelly,0,2,0,2
Gary Steven Ilman,0,2,0,2
Geoffrey Andrew "Geoff" Huegill,1,0,1,2
Georg Zacharias,1,1,0,2
George Edward Vernot,1,0,1,2
George Harold Kojac,0,2,0,2
George Ritchie Hodgson,0,2,0,2
George Thomas DiCarlo,0,1,1,2
Gerhard Hetz,1,0,1,2
Gisela Jacob-Arendt,1,0,1,2
Glenn Edward "Ed" Moses,0,1,1,2
Glenn Robert Buchanan,2,0,0,2
"Grace McKenzie (-Nelson, -Morgan)",0,0,2,2
Gregory Francis "Greg" Rogers,1,0,1,2
"Greta Marie Andersen (-Sonnichsen, -Veress)",0,1,1,2
Grgory Mallet,0,0,2,2
Gudrun Beckmann,2,0,0,2
Gyrgy Mitr,1,0,1,2
Gza Kdas,1,0,1,2
HAUGHEY Siobhan Bernadette,2,0,0,2
HOBSON Luke,1,0,1,2
Hannelore Anke (-Hofmann),0,2,0,2
Hayley Jane Lewis (-Taylor),1,0,1,2
Hideko Maehata (-Hyodo),0,1,1,2
Hinkelien Schreuder,0,1,1,2
Hiroshi Suzuki,0,0,2,2
Hkan Malmrot,0,2,0,2
Igor Anatolyevich Grivennikov,1,0,1,2
Ilze "Ilsa" Konrads,0,0,2,2
Ina Beyermann,1,0,1,2
Irene May Guest (-Loog),0,1,1,2
"Iris Vera Tanner (-Murrell, -Curran)",0,0,2,2
Irma Heijting-Schuhmacher,1,0,1,2
Istvn Brny,1,0,1,2
Iurie Bacatov,0,0,2,2
Ivan Cuthbert Stedman,0,0,2,2
Ivar Stukolkin,1,1,0,2
JACK Shayna,0,2,0,2
"Jack Babashoff, Jr.",0,1,1,2
James "Jimmy" Feigen,0,1,1,2
James George Guy,0,0,2,2
Jane Ellen Swagerty (-Hill),1,1,0,2
Janice "Jan" Andrew (-Thornett),1,0,1,2
Jazmin Roxy "Jazz" Carlin,0,0,2,2
Jean Auguste Boiteux,1,1,0,2
Jennie Fletcher (-Hyslop),1,1,0,2
Jens Kruppa,1,0,1,2
Jeremy Porter Linn,0,1,1,2
Jessica Adele Hardy (-Meichtry),1,1,0,2
Jiao Liuyang,0,1,1,2
Joan Arlene Spillane,0,2,0,2
Johan Kenkhuis,1,0,1,2
John Birnie Marshall,1,0,1,2
John David "Dave" Gillanders,1,1,0,2
John Edward Ferris,2,0,0,2
John Henry "Rob" Derbyshire,1,1,0,2
John Joseph Murphy,1,1,0,2
John Malcolm "Jon" Henricks,0,2,0,2
John Pitann Kinsella,0,1,1,2
John Scott Leary,1,0,1,2
Jolanda de Rover (-Toussaint),1,1,0,2
Jonathan Scott "Jon" Sieben,1,1,0,2
Joseph "Jo" Bernardo Garcia Rodriguez Marinelli,2,0,0,2
Joseph Stuart "Joe" Bottom,0,1,1,2
Jrg Woithe,0,1,1,2
Judit Temes (-Tuider),1,1,0,2
Judith "Jutta" Weber (-Meeuw),2,0,0,2
Julia Elizabeth Smit,1,0,1,2
June Alexandra Croft,1,0,1,2
KHARUN Ilya,2,0,0,2
Karl August Ruberl,1,0,1,2
Karl Gunnar Larsson,0,2,0,2
"Katalin Szke (Homonnai-, -Markovits, -Domjan)",0,2,0,2
Kathleen Baker,0,1,1,2
Katsuo Takaishi,1,0,1,2
"Keena Ruth Rothhammer (-Weisbly, -Zorovich)",1,1,0,2
Kenneth Arthur "Ken" Huszagh,1,0,1,2
Kimberley Marie "Kim" Peyton (-McDonald),0,2,0,2
Kirsten Vlieghuis,2,0,0,2
Klaus Steinbach,1,0,1,2
Kroly Gttler,0,0,2,2
Kylie Jayne Palmer,0,1,1,2
Lance Melvin Larson,0,1,1,2
Lars Hinneburg,1,0,1,2
Larsen Alan Jensen,1,0,1,2
Lea E. Loveless (-Maurer),1,1,0,2
Leah Smith,1,1,0,2
Leith Brodie,2,0,0,2
Lenore M. Kight-Wingard,1,0,1,2
Lia Neal,1,0,1,2
Lilly King,0,2,0,2
Lisa Rae Jacob,0,2,0,2
Louis Martin,2,0,0,2
Lovett Ian O'Brien,1,1,0,2
Lutz Unger,1,0,1,2
Lynette "Lyn" Bell (-Chipchase),0,0,2,2
Lynette Velma "Lyn" McClements (-McKenzie),0,1,1,2
Lynn Edythe Burke (-McConville),0,2,0,2
Lynn Marie Vidali (-Gautschi),1,0,1,2
Lyubov Petrovna Rusanova,1,0,1,2
MADDEN Paige,1,0,1,2
MANAUDOU Florent,2,0,0,2
MANUEL Simone,0,0,2,2
MILAK Kristof,0,1,1,2
Madeline Groves,0,0,2,2
Madison "Madi" Wilson,0,1,1,2
Mai Nakamura,1,0,1,2
Makoto Fukui,1,0,1,2
Manon van Rooijen,0,1,1,2
Margaret Darling Woodbridge (-Presley),0,1,1,2
Margot Wilhelmina Teunisje "Wilma" van Velsen,1,0,1,2
Maria Johanna "Zus" Philipsen-Braun,0,1,1,2
Mariechen M. Wehselau (-Jackson),0,1,1,2
Marina Vladimirovna Koshevaya,1,1,0,2
Mark Daniel Gangloff,0,2,0,2
Mark Pinger,2,0,0,2
Markus Antonius Rogan,0,0,2,2
Martina Moravcov,0,0,2,2
Masaji Kiyokawa,1,1,0,2
Matthew Haynes "Matt" Vogel,0,2,0,2
Michael "Mike" West,1,0,1,2
Michael Francis "Mike" Troy,0,2,0,2
Michael Lee "Mike" Bruner,0,2,0,2
Michelle Jan Ford (-Eriksson),1,1,0,2
Mitchell James "Mitch" Larkin,1,0,1,2
Nancy Ellen Garapick,2,0,0,2
Natalie Alwyne Steward,1,0,1,2
Nathaniel James "Nate" Dusing,1,0,1,2
Natsumi Hoshi,2,0,0,2
Neil Cochran,2,0,0,2
Nelson W. Diebel,0,2,0,2
Neville Ronald Hayes,0,0,2,2
Nicholas "Nick" Gillingham,1,0,1,2
Nicholas Brewer "Nick" Thoman,0,1,1,2
Nikita Konstantinovich Lobintsev,1,0,1,2
Nikolay Ivanovich Pankin,2,0,0,2
Nikolay Sergeyevich Yevseyev,1,0,1,2
Nina Alexandrovna Zhivanevskaya Ilichiova,2,0,0,2
Nobutaka Taguchi,1,1,0,2
Nomi Ildiko Lung,1,0,1,2
PALTRINIERI Gregorio,1,0,1,2
POPOVICI David,1,1,0,2
Patrick Murphy,2,0,0,2
Paul H. (-Paul Knuth) Wyatt,1,0,1,2
Pavlo Viktorovych Khnykin,0,0,2,2
Pernille Blume,1,1,0,2
Perry McGillivray,0,1,1,2
Peter Nocke,2,0,0,2
Petra Priemer (-Brinkmann),0,0,2,2
Petra Schneider (-Kind),0,1,1,2
"Petra Thmer (-Deckert, -Katzur)",0,2,0,2
Philip John "Phil" Rogers,2,0,0,2
Pua Kele Kealoha,0,1,1,2
QIN Haiyang,0,1,1,2
Qian Hong,1,1,0,2
RICHARDS Matthew,0,1,1,2
Rachel Komisarz,0,1,1,2
Rainer Henkel,1,0,1,2
Rebecca Gwendolyn "Becky" Smith (-Wiber),2,0,0,2
Reiko Nakamura,2,0,0,2
Reizo Koike,1,0,1,2
Richard Alan "Rich" Schroeder,0,2,0,2
Roger Pyttel,1,0,1,2
Roman Nikolayevich Yegorov,0,0,2,2
Ronald Parker "Ronnie" Mills,1,1,0,2
Rosemarie Kother-Gabriel,1,1,0,2
Roswitha Beier (-Sonntag),0,0,2,2
Roy Allen Saari,0,1,1,2
Ryan Andrew Cochrane,1,0,1,2
SCOTT Duncan,0,1,1,2
SHACKELL Alex,0,1,1,2
SJOESTROEM Sarah,0,2,0,2
SMITH Tatjana,0,1,1,2
SOUTHAM Flynn,1,0,1,2
STUBBLETY-COOK Zac,1,0,1,2
SWANSON Charlie,0,1,1,2
Sandra Anne Morgan (-Beavis),0,1,1,2
Sara Harstick,2,0,0,2
Sarah Lucy Hardcastle (-Thomas),1,0,1,2
Sarina Hlsenbeck (-Fischer),0,2,0,2
Scott Andrew Miller,1,0,1,2
Scott Daniel Goldblatt,0,1,1,2
Scott Eric Tucker,0,1,1,2
Semyon Viktorovich Belits-Geyman,1,0,1,2
Sergey Gusev,1,0,1,2
Serhiy Leonidovych Fesenko,0,1,1,2
Serhiy Oleksandrovych Krasiuk,0,1,1,2
Shan Ying,1,0,1,2
Sharon Lynn Wichman (-Jones),1,1,0,2
Shaun M. Jordan,0,2,0,2
Shayne Leanne Reese,1,1,0,2
Shelley Isabel Mann,0,1,1,2
Shigeo Arai,1,1,0,2
Shozo Makino,1,0,1,2
Shunpei Uto,1,0,1,2
Stefano Battistelli,2,0,0,2
Stephen K. "Steve" Lundquist,0,2,0,2
Stephen Karl "Steve" Rerych,0,2,0,2
Stev Theloke,2,0,0,2
Stphan Malcolm Caron,2,0,0,2
Susan Gerard Rapp (-von der Lippe),0,1,1,2
Susanne Marie "Susan" Shields (-White),1,1,0,2
Svetlana Viktorovna Babanina,2,0,0,2
TAYLOR Kai,1,0,1,2
Takashi Yamamoto,1,0,1,2
Takuro Fujii,1,0,1,2
Tarnee Renee White (-Southwell),0,1,1,2
Taylor Madison Ruck,2,0,0,2
Tefilo E. Yldefonso,2,0,0,2
Theresa Andrews,0,2,0,2
Thomas Andrew "Tom" Malchow,0,1,1,2
Thomas Edwin "Tom" Bruce,0,1,1,2
Thomas Flemming,1,0,1,2
Thomas Peter Lurz,1,0,1,2
Thomas Rupprath,1,0,1,2
Thomas Sean "Tom" McBreen,1,1,0,2
Thomas Sydney Battersby,1,0,1,2
"Tiffany Lisa Cohen (-Adams, -Lalonde)",0,2,0,2
Timothy Andrew "Tim" Shaw,0,1,1,2
Tomomi Morita,2,0,0,2
Troy Lane Dalbey,0,2,0,2
Ulrike Tauber (-Lebek),0,1,1,2
Ursula "Ursel" Brunner (-Wirth),2,0,0,2
Ute Geweniger (-Strauss),0,2,0,2
Vadym Maksymovych Yaroshchuk,2,0,0,2
Veniamin Igorevich Tayanovich,0,1,1,2
Viktor Aleksandrovich Kuznetsov,0,0,2,2
Viktor Andreyevich Aboimov,1,0,1,2
Virginia Ruth "Ginny" Duenkel,1,1,0,2
Volodymyr Serhiyovych Raskatov,1,0,1,2
WEITZEIL Abbey,0,1,1,2
WIFFEN Daniel,1,1,0,2
WINNINGTON Elijah,1,0,1,2
WU Qingfeng,2,0,0,2
"Wallace Perry ""Wally"" Wolf, Jr.",0,2,0,2
Walter Bathe,0,2,0,2
Walter Brack,0,1,1,2
Walter Laufer,0,1,1,2
Walter Stephen "Wally" Ris,0,2,0,2
Warren Daniels Kealoha,0,2,0,2
Werner Lampe,1,0,1,2
William "Willie" Foster,1,1,0,2
"William Douglas ""Tripp"" Schwenk, III",0,1,1,2
"William Melvin ""Bill"" Smith, Jr.",0,2,0,2
William Roy Johnson,0,2,0,2
William Tripp "Bill" Woolsey,0,1,1,2
YU Yiting,2,0,0,2
Yang Yu,0,0,2,2
Yasuji Miyazaki,0,2,0,2
Ye Shiwen,0,2,0,2
Yelena Grigoryevna Rudkovskaya,1,1,0,2
Yevgeny Aleksandrovich Lagunov,1,0,1,2
Yoshihiko Osaki,1,0,1,2
Yoshiyuki Tsuruta,0,2,0,2
Zoltn Verraszt,1,0,1,2
gnes Kovcs,1,1,0,2
ura "urica" Bjedov,0,1,1,2
va Szkely (-Gyarmati),0,1,1,2
Aartje Elisabeth "Adrie" Lasterie,0,0,1,1
Adelaide T. Lambert (-Ballard),0,1,0,1
Adolph Gustav Kiefer,0,1,0,1
Adrian David Moorhouse,0,1,0,1
Adriana "Diane" van der Plaats,0,0,1,1
Agnes Geraghty (-McAndrews),0,0,1,1
Agnieszka Ewa Czopek (-Sadowska),1,0,0,1
Ai Shibata,0,1,0,1
Aileen Muriel Riggin (-Soule),1,0,0,1
Aimo-Rhys Heilmann,1,0,0,1
Alain Herms Robert Mosconi,1,0,0,1
Alan McClatchey,1,0,0,1
Alan Robert Ford,0,0,1,1
Albert Joseph "Al" Vande Weghe,0,0,1,1
Albert L. Schwartz,1,0,0,1
Albn Vermes,0,0,1,1
Aldo Eminente,1,0,0,1
Aleksandr Nikolayevich Sukhorukov,0,0,1,1
Aleksandr Olegovich Fedorovsky,0,0,1,1
Aleksandr Vasilyevich Samsonov,1,0,0,1
Aleksandr Yuryevich Chayev,0,0,1,1
Aleksey Valentinovich Kudryavtsev,0,1,0,1
Aleksey Viktorovich Markovsky,0,0,1,1
Alessia Filippi,0,0,1,1
Alexander Dale Oen,0,0,1,1
Alexander Lderitz,1,0,0,1
Alexander Schowtka,0,0,1,1
Alice W. Bridges (-Roche),1,0,0,1
Alla Vladimirovna Grishchenkova,1,0,0,1
Allen McIntyre Stack,0,1,0,1
Allison Ann Higson (-Cavanaugh),1,0,0,1
Allison Marie Wagner,0,0,1,1
Alva Merlin Colquhoun,0,0,1,1
Alyssa Jean Anderson,0,1,0,1
Amber Gerganiya Beckitt (-Shelley),0,0,1,1
"Amedee Valle Reyburn, Jr.",1,0,0,1
Amy Lee White (-Ballidis),0,0,1,1
Anastasiya Valeryevna Zuyeva-Fesikova,0,0,1,1
Anders Christer Lyrbring,0,0,1,1
Andr Jules Henri Six,0,0,1,1
Andrea Eife (-Gemsleben),0,0,1,1
Andrea Nugent,1,0,0,1
Andreas Szigat,1,0,0,1
Andrew "Andy" Astbury,1,0,0,1
Andrew David "Andy" Jameson,1,0,0,1
Andrew Edward Strenk,0,1,0,1
Andrey Nikolayevich Bogdanov,0,0,1,1
Andrey Nikolayevich Korneyev,1,0,0,1
Andrey Vladimirovich Grechin,1,0,0,1
Andriy Viktorovych Serdinov,1,0,0,1
Andrs Hargitay,1,0,0,1
Andrs Szkely,1,0,0,1
Andrs Wani,1,0,0,1
Aneta "Anca" Ptrcoiu,1,0,0,1
"Angela Denise Coughlan (-Arusoo, -Sharp)",1,0,0,1
Angela Kennedy,0,0,1,1
Angela Steinbach,1,0,0,1
Angelika Kraus,1,0,0,1
Anita Carina Ljungdahl (-Algotsson),0,0,1,1
Anita Lonsbrough (-Porter),0,1,0,1
Anke Mhring,1,0,0,1
Anke Scholz,0,0,1,1
Ann Osgerby,0,0,1,1
Anna Helena Peterson (-Bernhard),0,0,1,1
Anna Josefin Lillhage (-stblom),1,0,0,1
Anna-Karin Simone Kammerling,1,0,0,1
Annabel Kosten,1,0,0,1
Anne Kindel Warner (-Cribbs),0,1,0,1
Anne Poleska (-Urban),1,0,0,1
Annegret Kober (-Schrder),1,0,0,1
Annelies Maas (-Kraus),1,0,0,1
Annette Elizabeth Salmeen,0,1,0,1
Annette Hadding,1,0,0,1
Annie Coupe Speirs (-Coombe),0,1,0,1
Anthony Robin LeClerc Mosse,1,0,0,1
Anton Mikhaylovich Chupkov,1,0,0,1
Antonios Pepanos,0,0,1,1
Antony Matkovich,0,0,1,1
Antti Alexander Kasvio,1,0,0,1
Arno Bieberstein,0,1,0,1
Artur Wojdat,1,0,0,1
Arvydas Juozaitis,1,0,0,1
Ashley Ann Whitney,0,1,0,1
Ashley Jason "Ash" Delaney,0,0,1,1
Astrid Strau,0,0,1,1
Austin Rhone Clapp,0,1,0,1
BIRD Kieran,0,1,0,1
Barbara Ann Marshall,0,1,0,1
Barbara Gbel (-Ballerstedt),1,0,0,1
Barbara Jane "B. J." Bedford (-Miller),0,1,0,1
Barbara Lynne Clark (-Parolin),1,0,0,1
Beatrice "Nancy" Lyons (-Welch),0,0,1,1
Benjamin Marshall "Ben" Wildman-Tobriner,0,1,0,1
Benny Leo Nielsen,0,0,1,1
Berith Agneta Eriksson,0,0,1,1
Bernice Ruth Lapp (-Squier),1,0,0,1
Berta Zahourek (-Blaha),1,0,0,1
Bettina Ustrowski,0,0,1,1
Bjrn Zikarsky,1,0,0,1
Bla von Las-Torres,0,0,1,1
Blair Catherine Evans,0,0,1,1
Blake Pieroni,0,1,0,1
Boglrka Kaps,1,0,0,1
Boris Nik'it'ini,1,0,0,1
Boris Steimetz,0,0,1,1
Bowen Dow Stassforth,0,0,1,1
Bradford Paul "Brad" Cooper,0,1,0,1
Bradley Michael "Brad" Bridgewater,0,1,0,1
Brbel Fuhrmann (-von Fircks),1,0,0,1
Breeja Larson,0,1,0,1
Brenda Mersereau Helser (-de Morelos),0,1,0,1
Brent Dennis Lang,0,1,0,1
Brent Matthew Hayden,1,0,0,1
Brian Brinkley,1,0,0,1
Brian Gregory Job,1,0,0,1
Brittany MacLean,1,0,0,1
Bronte Campbell,0,1,0,1
Burwell Otis "Bumpy" Jones,0,1,0,1
CAMPBELL Bronte,0,1,0,1
CARTWRIGHT Jack,0,0,1,1
CHENG Yujie,1,0,0,1
CHRISTOU Apostolos,0,0,1,1
CONNOLLY Erika,0,0,1,1
CONTE BONIN Paolo,1,0,0,1
CORBEAU Caspar,1,0,0,1
CURRY Brooks,0,0,1,1
Cai Huijue,1,0,0,1
Caitlin Leverenz,1,0,0,1
Camelia Alina Potec,0,1,0,1
Cameron John "Cam" Henning,1,0,0,1
Camille Wright (-Thompson),0,0,1,1
Carin Alice Cone (-Vanderbush),0,0,1,1
Carin Maria Nilsson (-Lommerin),1,0,0,1
Carlos Alberto Borges Jayme,1,0,0,1
Carly Piper (-Ryan),0,1,0,1
Carola Nitschke (-Beraktschjan),0,1,0,1
Caroline Stillwell Burckle,1,0,0,1
Cassandra Lily "Cassie" Patten,1,0,0,1
Catharina Bernadetta Jacoba "Tineke" Lagerberg,1,0,0,1
Catharina Johanna "Toos" Beumer (-Krediet),1,0,0,1
Catharina Wilhelmina "Tini" Wagner (-Boekhorst),0,1,0,1
Catherine "Cathie" Gibson (-Brown),1,0,0,1
Catherine Northcutt "Catie" Ball (-Condon),0,1,0,1
Catherine Yvonne Madeleine Poirot (-Srandour),1,0,0,1
Cathleen Rund (-Gromann),1,0,0,1
Chad Robb Carvin,0,0,1,1
Chantal Jean Van Landeghem,1,0,0,1
Chao Na,0,0,1,1
Charles "Charlie" Houchin,0,1,0,1
Charles Devendeville,0,1,0,1
"Charles George Hutter, Jr.",0,0,1,1
Charlotte "Lotte" Mhe (-Eschrich),1,0,0,1
Charlotte Bonnet,1,0,0,1
Charlotte Helen Radcliffe,0,0,1,1
Chase Tyler Kalisz,0,0,1,1
Chen Yan,1,0,0,1
Cheryl Ann Gibson (-Brokop),0,0,1,1
Christel Steffin (-Schulz),1,0,0,1
Christian Keller,1,0,0,1
"Christiane Knacke (-Driesener, -Sommer)",1,0,0,1
Christiane Pielke,1,0,0,1
Christine "Kiki" Caron (-Garin),0,0,1,1
Christine Herbst (-Paulick),0,0,1,1
Christine Irene Marshall,1,0,0,1
Christophe Lee "Chris" Thompson,1,0,0,1
Christopher Carl "Chris" Cavanaugh,0,1,0,1
Christopher James "Chris" Walker-Hebborn,0,0,1,1
Christopher John "Chris" Fydler,0,1,0,1
Christopher W. T. "Chris" Woo,0,1,0,1
Cierra Runge,0,1,0,1
Claes ke Borg,1,0,0,1
Claire Christine Donahue,0,1,0,1
Clara "Clare" Dennis (-Golding),0,1,0,1
Clark Smith,0,1,0,1
Clarke Currie Scholes,0,1,0,1
Claudia Hempel (-Thamke),0,0,1,1
Clayton T. "Clay" Evans,0,0,1,1
Clment Mignon,0,0,1,1
Colleen Lanne,0,0,1,1
Connor Jaeger,0,0,1,1
Coralie Balmy,1,0,0,1
"Cornelia ""Corrie"" Ladd (-Voogd, -Bakhuizen)",0,0,1,1
Cornelia Polit (-Embacher),0,0,1,1
Craig Julian Stevens,0,0,1,1
"Cynthia Lee ""Sippy"" Woodhead (-Kantzer, -Brennan)",0,0,1,1
Cynthia Lee Goyette (-Shroeder),0,1,0,1
Cyro Marques Delgado,1,0,0,1
DEAN Tom,0,1,0,1
DEPLANO Leonardo,1,0,0,1
Dai Jun,1,0,0,1
Daichi Suzuki,0,1,0,1
Daiya Seto,1,0,0,1
Dana Jayne Shrader (-Butler),0,1,0,1
Dana Lee Schoenfield,0,0,1,1
Daniel "Dan" Ketchum,0,1,0,1
Daniel "Dan" Wallace,0,0,1,1
Daniel Lee "Dan" Harrigan,1,0,0,1
Daniela Brendel,0,0,1,1
Daniela Gtz,1,0,0,1
Darian Roy Townsend,0,1,0,1
David "Dave" Walters,0,1,0,1
David Ashley Fox,0,1,0,1
David Chandler "Dave" Lyons,0,1,0,1
David Erwin Larson,0,1,0,1
David Holmes "Dave" Edgar,0,1,0,1
David King Young,0,1,0,1
David Lee "Dave" Wharton,0,0,1,1
David Lowe,1,0,0,1
David Lpez-Zubero Purcell,1,0,0,1
David Michael Dunne,1,0,0,1
David Morgan,1,0,0,1
David Thurwell Hammond,0,0,1,1
Davide Rummolo,1,0,0,1
Davis Edward Tarwater,0,1,0,1
Deena Diane Deardurff (-Schmidt),0,1,0,1
Denis Sergeyevich Pimankov,0,0,1,1
Denys Olehovych Sylantiev,0,0,1,1
Detlev Grabs,0,0,1,1
Dimitrios Drivas,1,0,0,1
"Dina Willemina Jacoba ""Nida"" Senff (-Scheffer, -Couturier)",0,1,0,1
Dirk Braunleder,1,0,0,1
Dirk Korthals,0,0,1,1
Dirkje Johanna "Desi" Reijers,0,0,1,1
Djan Garrido Madruga,1,0,0,1
Dmitry Igorevich Balandin,0,1,0,1
Dmitry Mikhaylovich Lepikov,0,1,0,1
Donald Alexander "Don" Sheff,0,1,0,1
Donald Graham Smith,0,0,1,1
Donna-Marie Gurr,1,0,0,1
Dsir Alfred Mrchez,1,0,0,1
Duje Draganja,0,0,1,1
Dyana Jane Calub,0,0,1,1
Edeltraud Koch (-Rken),1,0,0,1
Edgar Holmes Adams,0,0,1,1
Edna Tildesley Hughes (-Redwood),1,0,0,1
Edvaldo Valrio da Silva Filho,1,0,0,1
Edward Percival "Percy" Peter,1,0,0,1
Edwin Fisher Eddie Gilbert,0,1,0,1
Efstathios Khorafas,1,0,0,1
Elaine Breeden (-Penrose),0,0,1,1
"Eleanor G. Holm (-Jarret, -Rose, -Walker, -Whalen)",0,1,0,1
Elemr Szathmry,0,0,1,1
Elizabeth Cynthia "Beth" Barr (-Isaak),0,0,1,1
Elizabeth Evadna "Betty" Brey (Mullen-),0,0,1,1
Elizabeth Fraser (-Walker),0,1,0,1
Elizabeth Jane "Janie" Wagstaff,0,1,0,1
Elizabeth Mary Ryan,1,0,0,1
Elka Graham (-Whalan),0,0,1,1
Elke Sehmisch,0,0,1,1
Elles Voskes,0,0,1,1
Else Agnes Ella Jacobsen (-Baade),1,0,0,1
Elvi Johanne Svendsen (-Carlsen),0,0,1,1
Emanuele Erminio Merisi,1,0,0,1
Emiliano Brembilla,1,0,0,1
Emily Overholt,1,0,0,1
Emily Susan Silver,0,0,1,1
Emma Clare Johnson,1,0,0,1
Emmy Gunilla "Emy" Machnow (-Almberg),1,0,0,1
Eric Lee Shanteau,0,1,0,1
Erik Hochstein,1,0,0,1
Erik J. Fish,1,0,0,1
Erika Eloise Bricker (-Holderith),0,1,0,1
Erin Ashley Phenix,0,1,0,1
Ernst Friedrich Bahnmeyer,0,0,1,1
Ernst Lhrsen,0,1,0,1
Ernst-Joachim Kppers,0,0,1,1
Erwin Sietas,0,0,1,1
Eugene Roy Rogers,0,1,0,1
"Euphrasia Louise ""Fraze"" Donnelly (-Bungard, -Berlin)",0,1,0,1
Eva Johanne Arndt-Riise,0,0,1,1
Eva-Maria ten Elsen (-Hartmann),1,0,0,1
FENTE--DAMERS Rafael,1,0,0,1
FRIGO Manuel,1,0,0,1
Federico Cappellazzo,1,0,0,1
Felipe Muoz Kapamas,0,1,0,1
Ferry Weertman,0,1,0,1
Filippo Magnini,1,0,0,1
Florence Barker,0,0,1,1
Folkert Meeuw,0,0,1,1
Francis Townley Haas,0,1,0,1
Franck Simon Esposito,1,0,0,1
Frank Baltrusch,0,0,1,1
Frank Ewen Booth,0,0,1,1
Frank Khne,0,0,1,1
Frank Martin Dooley,0,1,0,1
Frank Pftze,0,0,1,1
"Frank Thomas ""Tom"" Winters, III",0,1,0,1
Frdric Andr Delcourt,0,0,1,1
Frdric Thierry Roger "Frd" Bousquet,0,0,1,1
Frdrik Edouard Robert "Fred" Deburghgraeve,0,1,0,1
Frederick "Fred" Holman,0,1,0,1
Frederick Daniel "Fred" Tyler,0,1,0,1
Frederick Munroe Bourne,1,0,0,1
Frederika Jacoba "Freddie" van der Goes,1,0,0,1
Fritz Albert Erich Rademacher,0,0,1,1
Fritze Wulff Carstensen (Nathansen-),0,0,1,1
Fu Yuanhui,1,0,0,1
GE Chutong,1,0,0,1
GEMMELL Erin,0,0,1,1
GIULIANI Maximillian,1,0,0,1
GOSE Isabel,1,0,0,1
GRIMES Katie,0,0,1,1
GROUSSET Maxime,1,0,0,1
GUY James,0,1,0,1
Gabriel Thomas "Gabe" Woodward,1,0,0,1
Gabriele Perthes,0,0,1,1
Gail Amundrud (-Beattie),1,0,0,1
Gail Neall (-Yeoh),0,1,0,1
Garnet Walter Ault,1,0,0,1
Gary Abraham,1,0,0,1
Gary J. Dilley,0,0,1,1
Gary Wayne MacDonald,0,0,1,1
Geertje Wielema,0,0,1,1
Gennady Nikolayevich Nikolayev,1,0,0,1
Geoffrey Lloyd "Geoff" Shipton,0,0,1,1
Geoffrey Steven "Geoff" Gaberino,0,1,0,1
Georg Hoffmann,0,0,1,1
George Ernest Morrison Henry,0,0,1,1
George Prifold Harrison,0,1,0,1
George Richard Lycott Bovell,1,0,0,1
George Robert Fissler,0,0,1,1
Georges Robert Flix Constant Leuillieux,1,0,0,1
"Georges-Urbain Vallerey, Jr.",1,0,0,1
Georgina Bardach Martin,1,0,0,1
Gerhard Schiller,0,0,1,1
Gilbert Fernand Charles Bozon,0,0,1,1
Gisela Wei (-Engelhardt),1,0,0,1
Gladys Helena Carson (-Hewitt),1,0,0,1
Glen Clifford Housman,0,0,1,1
Glenn Scott Patching,0,1,0,1
Glenn Stuart Beringen,0,0,1,1
Gordon Hunter Downie,1,0,0,1
Graeme Smith,1,0,0,1
Graeme Thomas Brewer,1,0,0,1
Graham Claude Windeatt,0,0,1,1
Graham Hamilton,0,1,0,1
Graham Ross White,0,0,1,1
Grant Tyson Brits,1,0,0,1
"Grard Blitz, Jr.",1,0,0,1
Gregorio Paltrinieri,0,1,0,1
Gregory Fenton "Greg" Buckingham,0,0,1,1
Gregory John "Greg" Brough,1,0,0,1
Gregory John "Greg" Fasala,0,0,1,1
Gregory Stewart "Greg" Burgess,0,0,1,1
Gudrun Wegner (-Wnsche),1,0,0,1
Gustav Lexau,0,1,0,1
Gwynne Evans,1,0,0,1
Gyrgy Tumpek,1,0,0,1
HEILMAN Thomas,0,0,1,1
HELD Ryan,0,1,0,1
Haley Cope (-Clark),0,0,1,1
Haley Danita Anderson,0,0,1,1
Han Xue,1,0,0,1
Hannah Stockbauer,1,0,0,1
Hans F. Dersch,0,1,0,1
Hans Peter Ludvig Dam,0,0,1,1
Hans-Gnther Vosseler,0,0,1,1
Hans-Joachim Fanacht,0,0,1,1
Hao Yun,1,0,0,1
Harold Edward Annison,1,0,0,1
Harold Thompson Mann,0,1,0,1
Harrison Smith "Harry" Glancy,0,1,0,1
Harry Maitland Hay,0,0,1,1
Hartmut Flckner,0,0,1,1
Haruka Ueda,1,0,0,1
Heidi Pechstein (-Kunze),1,0,0,1
Heike Dhne (-Mller),1,0,0,1
Heike Hustede-Nagel,1,0,0,1
Helen E. Wainwright (-Stelling),0,0,1,1
Helen Eileen Johns (-Carroll),0,1,0,1
Helen Gradwell Varcoe (-Nicholls),1,0,0,1
Helen Jameson,0,0,1,1
Helen Jennifer Denman,0,0,1,1
Helen Orr "Elenor" Gordon-McKay,1,0,0,1
Helga Lindner (-Hrtel),0,0,1,1
Helge Folkert Meeuw,0,0,1,1
"Henri Padou, Jr.",1,0,0,1
Henrik Hajs (Guttmann-),0,1,0,1
Henry Jamison "Jam" Handy,1,0,0,1
Heorhiy Yakovych Prokopenko,0,0,1,1
Herbert Klein,1,0,0,1
Herbert Nickall "Bert" Haresnape,1,0,0,1
Hermine Marie Stindt,0,0,1,1
Hilary Caldwell,1,0,0,1
Hilda Marjorie James (-McAllister),0,0,1,1
Hildegard "Hilde" Schrader (-Lux),0,1,0,1
Hiroshi Ishii,0,0,1,1
Hiroshi Yoneyama,0,0,1,1
Hisakichi Toyoda (-Minejima),0,1,0,1
Hisayoshi Sato,1,0,0,1
Hjrdis Viktoria Tpel,1,0,0,1
Horst Lffler,0,0,1,1
Huang Xiaomin,0,0,1,1
Hugo Louis Goetz,0,0,1,1
Hulda Gunhild Axelina "Gulli" Ewerlund (-Andersson),1,0,0,1
INCERTI Zac,1,0,0,1
Ilona Novk (-Popper),0,1,0,1
Imre Nyki,0,0,1,1
Imre Zachr,0,0,1,1
Ina Kleber (-Buttgereit),0,0,1,1
Ines Geiler (-Kaulfuss),0,1,0,1
Inge Srensen (-Tabur),1,0,0,1
Ingeborg Schmitz,0,0,1,1
Ingrid Lempereur,1,0,0,1
Ingrid Schmidt (-Naue),1,0,0,1
Ioannis Andreou,0,0,1,1
Ioannis Malokinis,0,1,0,1
Irene Steer (-Nicholson),0,1,0,1
Irina Anatolyevna Aksyonova,1,0,0,1
Iris Zscherpe,1,0,0,1
Isabella Mary Moore (-Cameron),0,1,0,1
J. Bertrand,0,0,1,1
Jacinta Van Lint,0,0,1,1
Jack George Neil Taylor,1,0,0,1
Jack Rikard Milton,1,0,0,1
Jack S. Horsley,1,0,0,1
Jacqueline Carol "Jackie" LaVine,1,0,0,1
Jade Neilsen,0,0,1,1
Jake Packard,1,0,0,1
James Alexander "Jimmy" Thompson,1,0,0,1
"James Crapo ""Jim"" Cristy, Jr.",1,0,0,1
James Richert "Jamie" Rauch,0,0,1,1
James Roberts,1,0,0,1
James Wallace "Wally" O'Connor,0,1,0,1
Jan Turner (-Becker),0,0,1,1
Jana Drries,0,0,1,1
Jana Henke,1,0,0,1
Jane Barbro Irne Cederqvist,0,0,1,1
Jane Hilda Charlotta Gylling (-Palm),1,0,0,1
Jane Louise Kerr (-Thompson),1,0,0,1
Janel Simone Jorgensen (-McArdle),0,0,1,1
Janette May "Jenny" Steinbeck (-Murray),0,0,1,1
Jani Nikanor Sievinen,0,0,1,1
Janice Murphy,0,0,1,1
Janina-Kristin Gtz,1,0,0,1
Jay Paul Mortenson,0,1,0,1
Jean Charles mile Taris,0,0,1,1
Jean Stewart (-Hurring),1,0,0,1
Jeanette Evelyn Myburgh,1,0,0,1
Jeanette Ottesen Gray,1,0,0,1
Jeanne Courtney Hallock (-Craig),0,1,0,1
Jeannette Morven Campbell (-Peper),0,0,1,1
Jedward Richard "Jed" Graef,0,1,0,1
Jeffrey James "Jeff" Float,0,1,0,1
Jennifer Jo "Jenny" Kempf,0,1,0,1
Jennifer Leigh Hooker (-Brinegar),0,1,0,1
Jenny Genoveva Maakal (-Thomas),1,0,0,1
Jessica Ashwood,0,0,1,1
Jiang Haiqi,1,0,0,1
Joan "Jody" Alderson (-Braskamp),1,0,0,1
Joan Ann Rosazza,0,0,1,1
Joan Cynthia Harrison (-Breetzke),0,1,0,1
Joanne Amy "Jo" Jackson,1,0,0,1
Joel Ladd Thomas,0,1,0,1
Johanna Katarina "Jopie" Selbach (-Ko),0,1,0,1
Johannes Drost,1,0,0,1
John "Jack" Conger,0,1,0,1
John Cary Mykkanen,0,0,1,1
John Griffith Davies,0,1,0,1
John James Monckton,0,0,1,1
John Joseph Macionis,0,0,1,1
John Lawson Hargis,0,1,0,1
John Rigby,1,0,0,1
John Sydney Ryan,1,0,0,1
Jonathan Thomas "Jon" Cleveland,1,0,0,1
Jorge Luiz Fernandes Leite,1,0,0,1
Josefine "Fini" Sticker,1,0,0,1
Joseph "Gunnar" Bentz,0,1,0,1
"Joseph Aloysius ""Joe"" Ruddy, Sr.",0,1,0,1
Joseph De Combe,0,0,1,1
Joseph Isaac Schooling,0,1,0,1
Joseph Thomas "Joe" Verdeur,0,1,0,1
Josh Prenot,0,0,1,1
Joshua John "Josh" Watson,0,0,1,1
Jrg Hoffmann,1,0,0,1
Judith Anne "Judy" Reeder,0,1,0,1
"Judith Brenda Grinham (-Rowley, -Roe)",0,1,0,1
Judith Ellen "Judy" Melick,0,1,0,1
Judith Joy "Judy-Joy" Davies,1,0,0,1
Judith White "Judy" Playfair,0,0,1,1
Jules Louis Verbecke (Gaillard-),0,0,1,1
Julia Emma Greville (-Radley),1,0,0,1
Julia Gray Stowers,0,1,0,1
Julian Paul Carroll,0,0,1,1
Julie Maree McDonald,1,0,0,1
Junichi Miyashita,1,0,0,1
Junko Onishi,1,0,0,1
Justin Neville Norris,1,0,0,1
Justin William Lemberg,1,0,0,1
Jzsef Munk,0,0,1,1
Jzsef Szab,0,1,0,1
Jzsef nody,0,1,0,1
KIBLER Drew,0,0,1,1
KIM Woomin,1,0,0,1
KING Lilly,0,1,0,1
KING Matt,0,1,0,1
KIRPICHNIKOVA Anastasiia,0,0,1,1
KONG Yaqi,1,0,0,1
KOS Hubert,0,1,0,1
Karen Anne Phillips (-Higgison),0,0,1,1
Karen Lynne Moras (-Stephenson),1,0,0,1
Karen Patricia Moe-Thornton (-Humphreys),0,1,0,1
Karin Brienesse,0,0,1,1
Karl Oskar Georg Werner,1,0,0,1
Katerine Savard,1,0,0,1
"Katherine Louise Rawls (-Thompson, -Green)",1,0,0,1
Kathleen Nord (-Schwartz),0,1,0,1
Kathleen Russell (-Barlow),1,0,0,1
Kathrin Zimmermann,0,0,1,1
Kathryn Elizabeth "Kay" Knapp (-Norton),0,0,1,1
Kathryn Paige Zemina (-Northcutt),1,0,0,1
Katsuki Ishihara,1,0,0,1
Kazuo Noda,0,0,1,1
Kazuo Tomita,1,0,0,1
Kazuo Watanabe,1,0,0,1
Keigo Shimizu,1,0,0,1
Keith Eyre Carter,0,0,1,1
Keith Lindsay Hugh Kirkland,0,0,1,1
Kelsi Worrell,0,1,0,1
Keltie Mayken Duggan (-Graboski),1,0,0,1
Kennedy Goss,1,0,0,1
Kentaro Kawatsu,1,0,0,1
Keri-Anne Payne (-Carry),0,0,1,1
Kevin Cordes,0,1,0,1
Kevin O'Halloran,0,1,0,1
Kharis Kharisovich Yunichev,1,0,0,1
Kimberly "Kim" Vandenberg,1,0,0,1
Kimberly A. "Kim" Black,0,1,0,1
Kirk Palmer,1,0,0,1
Kirsten Thomson,0,0,1,1
Klaas Erik "Klaas-Erik" Zwering,0,0,1,1
Klara Milch (-Durst),1,0,0,1
Klaus Katzur,0,0,1,1
Klena Geertje "Klenie" Bimolt (-de Jonge),0,0,1,1
Koichi Hirakida,1,0,0,1
Konstantin Dubrovin,1,0,0,1
Konstantin Vyacheslavovich Ushkov,0,0,1,1
Konstantin Yuryevich Petrov,1,0,0,1
Koosje van Voorn (-ten Thije),0,0,1,1
Kornelia "Corrie" Winkel (-Vink),0,0,1,1
Kristina Ann "Kristy" Kowal,0,0,1,1
Kristina Birgitta Jnsson (-Breed),0,0,1,1
Kristine Lora Quance (-Julian),0,1,0,1
Kroly Bartha,1,0,0,1
Kunihiro Iwasaki,1,0,0,1
Kurt David Grote,0,1,0,1
Kurt Paul Malisch,1,0,0,1
Kuzuo Kitamura,0,1,0,1
Kylie Jacqueline Masse,1,0,0,1
Kyoko Iwasaki,0,1,0,1
LI Bingjie,1,0,0,1
LIENDO Josh,0,0,1,1
LIU Yaxin,1,0,0,1
Lacey Pearl Nymeyer (-John),0,0,1,1
Lara Shiree Davenport,0,1,0,1
Larissa Dmitriyevna "Lara" Ilchenko,0,1,0,1
Lars Conrad,0,0,1,1
Lary Alan Schulhof,0,1,0,1
Laura Anne Walker,1,0,0,1
Laura Gail "Lauri" Siering,0,0,1,1
Lauren Perdue,0,1,0,1
Lawrence Bruce Hayes,0,1,0,1
LeLei Alofa Fonoimoana (-Moore),0,0,1,1
Leah Neale,0,0,1,1
Leif Thomas Lejdstrm,1,0,0,1
Leslie "Les" Boardman,0,1,0,1
Leslie Cliff (-Tindle),0,0,1,1
Leslie George Rich,1,0,0,1
Leslie Savage,1,0,0,1
Li Ji,0,0,1,1
Li Xuanxu,1,0,0,1
Li Yunqi,1,0,0,1
Lina Kaiuyt,0,1,0,1
Linda June MacKenzie (-Single),0,1,0,1
Linda Louise Jezek,0,0,1,1
Lisa Maree Mackie,1,0,0,1
Liu Limin,0,0,1,1
Liu Zige,0,1,0,1
Loraine "Lori" Melien,1,0,0,1
Lotte Friis,1,0,0,1
Louis de Breda "Lou" Handley,0,1,0,1
Louise Jhncke (-Tjrnqvist),1,0,0,1
Louise Otto (-Sander),0,0,1,1
Lszl Szabados,1,0,0,1
Lu Bin,0,0,1,1
Lu Ying,0,0,1,1
Lu Zhiwu,1,0,0,1
Luca Andrea Sacchi,1,0,0,1
Lucy Morton (-Heaton),0,1,0,1
Ludwig Ernest Frank "Ludy" Langer,0,0,1,1
Luo Xuejuan,0,1,0,1
Lyndon Ferns,0,1,0,1
Lynette Pamela "Lynne" Watson (-Bates),0,0,1,1
Lynn Ann Colella,0,0,1,1
Lynn Ellen Skrifvars (-Nelson),0,1,0,1
Lynne Marie Allsup (-Olson),0,1,0,1
MAERTENS Lukas,0,1,0,1
MARTINENGHI Nicolo,0,1,0,1
MASSE Kylie,1,0,0,1
MATSUSHITA Tomoyuki,0,0,1,1
MIRESSI Alessandro,1,0,0,1
MITYUKOV Roman,1,0,0,1
Maarten van der Weijden,0,1,0,1
Mackenzie "Mack" Horton,0,1,0,1
Magdalena Maria "Leni" Lohmar (-Henze),0,0,1,1
Maiola Kalili,0,0,1,1
Malcolm Eadie Champion,0,1,0,1
Malia Metella,0,0,1,1
Malin Erika Helena Svahnstrm (-Borensj),1,0,0,1
Manuel dos Santos Filho,1,0,0,1
Manuella Kalili,0,0,1,1
Mara Teresa Ramrez Gmez,1,0,0,1
Marc-Antoine Olivier,1,0,0,1
Marcel Gery,1,0,0,1
Marcel Reinier Wouda,1,0,0,1
Marcus Laborne Mattioli,1,0,0,1
Marcus Lyndon "Mark" Tonelli (Leembruggen-),0,1,0,1
Margaret Edwards (-Wilding),1,0,0,1
Margaret Mary "Maggie" Kelly-Hohmann,0,0,1,1
Margaret Percival Gibson (-Messenger),0,1,0,1
Margarete "Grete" Adler,1,0,0,1
Margarete "Grete" Rosenberg (-Wildhagen),0,0,1,1
Margaux Farrell,1,0,0,1
Margot Marsman (-de Jong),1,0,0,1
Maria "Rie" Vierdag (-Smit),0,0,1,1
Maria Johanna Sjberg,1,0,0,1
Maria Petronella "Puck" Oversloot (-Schouten),0,0,1,1
Marianne Kriel,1,0,0,1
Marianne Louise Limpert,0,0,1,1
Marianne Muis,0,0,1,1
Marianne Yvonne Heemskerk (-Oudkerk-),0,0,1,1
Marie Louise "Marilee" Stepan (-Wehmann),1,0,0,1
Marie Louise Corridon (-Mortell),0,1,0,1
Marilyn Corson (-Whitney),1,0,0,1
Marilyn Joy Wilson (-Young),0,0,1,1
Marilyn Ramenofsky,0,0,1,1
Marion Beverly Lay,1,0,0,1
Maritza "Ritz" Correia (-McClendon),0,0,1,1
Mark Andrew Henderson,0,1,0,1
Mark Hermanus Maria Veens,0,0,1,1
Mark Richard van der Zijden,1,0,0,1
Mark Taylor,1,0,0,1
Mark Warnecke,1,0,0,1
Marley Lynn Shriver (-Tobian),0,0,1,1
Marquard J. Schwarz,1,0,0,1
Martha Irene Randall,1,0,0,1
Martha Ludowika Genenger (-Engfeld),0,0,1,1
Martijn Hendrik Zuijdweg,1,0,0,1
Martina Grimaldi,1,0,0,1
"Martina Grunert (-Koch, -Abresch)",0,0,1,1
Martn Lpez-Zubero Purcell,0,1,0,1
Martyn John Woodroffe,0,0,1,1
Mary Esther Bedford (-Marran),1,0,0,1
Mary Jane Sears,1,0,0,1
Mary Olive McKean (-Mucha),1,0,0,1
Maryna Volodymyrivna Yurchenia,0,0,1,1
Masaharu Taguchi,0,1,0,1
Masahiro Yoshimura,0,0,1,1
Masami Tanaka,1,0,0,1
Masaru Furukawa,0,1,0,1
Masato Sakai,0,0,1,1
Matteo Pelliciari,1,0,0,1
Matthew "Matt" Abood,1,0,0,1
Matthew "Matt" McLean,0,1,0,1
Matthew J. "Matt" Cetlinski,0,1,0,1
Maurice Froomes "Moss" Christie,0,0,1,1
Maurice Louis Hochepied,0,0,1,1
Mavis Anne Freeman,1,0,0,1
Max Otto Hainle,0,1,0,1
Max Pape,0,0,1,1
Maxwell Raymond "Max" Metzker,1,0,0,1
Mayumi Aoki (-Nishiguti),0,1,0,1
Mc SHARRY Mona,1,0,0,1
McEVOY Cameron,0,1,0,1
McMILLAN Jack,0,1,0,1
Megan Adelle Kleine (-Morris),0,1,0,1
Mehdy Metella,0,0,1,1
Melanie M. Valerio,0,1,0,1
Melanie Margalis,0,1,0,1
Michael "Mike" Holthaus,1,0,0,1
Michael John Jamieson,0,0,1,1
Michael Jon "Mike" O'Brien,0,1,0,1
Michael Kraus,1,0,0,1
Michael MacKay "Mike" Austin,0,1,0,1
Michael Ray "Mike" Barrowman,0,1,0,1
Michael William Delany,0,0,1,1
Michelle A. MacPherson (-Hojnacki),1,0,0,1
Michelle Richardson Armengol (-Ahlers),0,0,1,1
Michelle Robyn Pearson,1,0,0,1
Michelle Williams (-Toro),1,0,0,1
Mie stergaard Nielsen,1,0,0,1
Mietje "Marie" Baron (-du Puy),0,0,1,1
Mikael Gustaf rn,1,0,0,1
Mikhail Mikhaylovich Polishchuk,0,0,1,1
Miki Nakao,1,0,0,1
Mildred Muis,0,0,1,1
Milorad avi,0,0,1,1
Mirna Jukic,1,0,0,1
Misty Dawn Marie Hyman,0,1,0,1
Mitja Kolia Zastrow,0,0,1,1
Mitzi Patricia Kremer (-Tighe),1,0,0,1
Moira Abernethy (-Ford),1,0,0,1
"Molly Ray Botkin (-Rossiter, -Trees)",0,1,0,1
Mria Littomeritzky (-Bognr),0,1,0,1
Murray Garretty,0,1,0,1
Mylne Lazare,1,0,0,1
NDOYE-BROUARD Yohann,1,0,0,1
NEILL Thomas,1,0,0,1
Naito Ehara,1,0,0,1
Nancy Jane Ramey (-Lethcoe),0,0,1,1
Nancy Joan Simons (-Peterson),0,0,1,1
Natalie Anne Myburgh (-Gillespie),1,0,0,1
Nataliya Alekseyevna Meshcheryakova,1,0,0,1
Nataliya Andreyevna Ustinova,1,0,0,1
Nataliya Bystrova,1,0,0,1
Nataliya Gennadyevna Strunnikova,1,0,0,1
Neisser Santiago Bent Vzquez,1,0,0,1
Nian Yun,0,0,1,1
Nicholas David "Nick" Ffrost,1,0,0,1
Nicholas Sprenger,0,0,1,1
Nils Orvar Trolle,1,0,0,1
Nina Adams Harmer (-Thompson),0,1,0,1
Noboru Terada,0,1,0,1
Nobuo Arai,0,0,1,1
Oleksandr Oleksandrovych Sydorenko,0,1,0,1
Oleksiy Yevhenovych Boryslavskiy,0,0,1,1
Olena Yevhenivna Kruhlova (-Sydorenko),1,0,0,1
Olga Vasilyevna Klevakina,1,0,0,1
Olha Oleksandrivna Kyrychenko (-Pankratova),1,0,0,1
Oliver Lampe,1,0,0,1
Olivia Smoliga,0,1,0,1
Ophlie-Cyrielle Etienne,1,0,0,1
Oskar Schiele,0,0,1,1
Oszkr Abay-Nemes,1,0,0,1
Otto Fahr,0,0,1,1
Otto Gsta Adolf Persson,1,0,0,1
Otto Herschmann,0,0,1,1
PALLISTER Lani,0,1,0,1
PEATY Adam,0,0,1,1
PEPLOWSKI Anna,0,0,1,1
PERKINS Alexandria,0,0,1,1
PERKINS Jamie,0,1,0,1
PIERONI Blake,0,0,1,1
PROUD Benjamin,0,0,1,1
Pamela Jean "Pam" Kruse,0,0,1,1
Pamela Leila "Pam" Rai,1,0,0,1
Paolo Francesco "Paul"  Radmilovic,0,1,0,1
Patience Halsey Sherman,0,1,0,1
Patricia "Patty" Kempner,0,1,0,1
Patricia Noall (-Lauzon),1,0,0,1
Patrick Khl,0,0,1,1
Paul Anthony Howe,1,0,0,1
Paul Curkeet Samson,0,1,0,1
Paul Gilbert Wolf,0,0,1,1
Paul James Kingsman,1,0,0,1
Paul Julian Marshall,1,0,0,1
Paul Kellner,1,0,0,1
Paul Neumann (-Newman),0,1,0,1
Paul Robert Easter,1,0,0,1
Paul Rory Palmer,0,0,1,1
Paul William Hait,0,1,0,1
Paulina Jacoba "Pauline" van der Wildt,1,0,0,1
Peder Rudolph Lykkeberg,1,0,0,1
Per Anders Gustaf Holmertz,0,0,1,1
Per Michael Sderlund,1,0,0,1
Per-Olof strand,1,0,0,1
Percy Courtman,1,0,0,1
Perry Timothy "Tim" Jecko,0,0,1,1
Peter Askin Reynolds,1,0,0,1
Peter Bruch,1,0,0,1
Peter James Tonkin,1,0,0,1
Peter John Doak,1,0,0,1
Peter Kemp,1,0,0,1
Peter Lang,1,0,0,1
Peter Sitt,1,0,0,1
Petra Dallmann,1,0,0,1
Petra Riedel,1,0,0,1
Petra Zindler (-Reinwald),1,0,0,1
Petronella Grietje "Petra" van Staveren (-van Kleef),0,1,0,1
Philip Hubble,0,0,1,1
Philomena Alecia "Bonnie" Mealing (-Johnston),0,0,1,1
Phyllis May Harding (-Turner),0,0,1,1
Pieter Timmers,0,0,1,1
Pietje "Nel" van Vliet (-Koudijs),0,1,0,1
Poliana Okimoto-Cintra,1,0,0,1
Pontus Hanson,1,0,0,1
Pr Johan Arvidsson,0,1,0,1
RAMSAY Ella,0,0,1,1
Rachel Kristine Bootsma,0,1,0,1
Rachele Bruni,0,0,1,1
Rafa Marek Szukaa,0,0,1,1
Rafael Antonio Vidal Castro,1,0,0,1
Ragnhild Tove Hveger (-Andersen),0,0,1,1
Raimundas Mauolis,0,0,1,1
Rainer Strohbach,0,0,1,1
Ralph Albert Gilman,0,0,1,1
Ralph Drew Flanagan,0,0,1,1
Ralph Hutton,0,0,1,1
Ralph Theodore Breyer,0,1,0,1
Ray Kegeris,0,0,1,1
Raymond Comstock "Ray" Thorne,0,0,1,1
Reema Abdo,1,0,0,1
Regan Dean Harrison,0,0,1,1
Regina Constance "Reggie" de Jong,1,0,0,1
Ren Lopold Cornu,1,0,0,1
Ren Pierre Charles Tartara,1,0,0,1
Renate Vogel (-Heinrich),0,0,1,1
Rhiannon "Rhi" Jeffrey,0,1,0,1
Rhoda Lilian Rennie (-Wrighton),1,0,0,1
Ricardo Prado,0,0,1,1
Richard Adolph "Dick" Blick,0,1,0,1
Richard Craig Oppel,0,1,0,1
Richard Dennis "Dick" Hanley,0,0,1,1
Richard Erwin "Rich" Saeger,0,1,0,1
Richard John "Dick" Howell,0,1,0,1
Richard Michael "Rich" McGeagh,0,1,0,1
"Richard Phillip ""Rick"" Colella, Jr.",1,0,0,1
"Richard Tsugio ""Sonny"" Tanabe, Jr.",0,0,1,1
Richard Weinberger,1,0,0,1
Richard William "Dick" Roth,0,1,0,1
Rie Kaneto,0,1,0,1
Rikke Mller Pedersen,1,0,0,1
Robert "Rob" Woodhouse,1,0,0,1
Robert A. "Bob" Kasting,1,0,0,1
Robert Bilsland "Bobby" McGregor,0,0,1,1
Robert Danforth "Bob" Skelton,0,1,0,1
"Robert Edward ""Ed"" Townsend, Jr.",0,1,0,1
Robert Elmer "Bob" Cowell,0,0,1,1
Robert Jerome "Bob" Gibe,0,1,0,1
Robert Peter "Robbie" Renwick,0,0,1,1
Robert Raymond "Bob" Sohl,1,0,0,1
Robert Stephen Cusack,1,0,0,1
"Robert William ""Bobby"" Hackett, Jr.",0,0,1,1
Robertas ulpa,0,1,0,1
Robin James Backhaus,1,0,0,1
Robin John Leamy,0,1,0,1
Robin Marie Corsiglia (-Scholefield),1,0,0,1
Robyn Jean Thorn (-Risson-Nock),0,0,1,1
Rodney "Rod" Strachan,0,1,0,1
Rodolfo Antonio Falcn Cabrera,0,0,1,1
Roman Andreyevich Sludnov,1,0,0,1
Roman Gennadyevich Ivanovsky,0,0,1,1
Rosemary Lassig (-Lluka),0,0,1,1
Ross Elliott Wales,1,0,0,1
Roswitha Krause,0,0,1,1
Roxana Maracineanu,0,0,1,1
Rta Meilutyt,0,1,0,1
Ruth Halbsguth (-Hoffmann),0,0,1,1
Ruth Rhonda Everuss,0,0,1,1
Ryan Held,0,1,0,1
Ryan Scott Mitchell,0,0,1,1
Ryan Thomas Berube,0,1,0,1
Ryk Neethling,0,1,0,1
Ryo Tateishi,1,0,0,1
Rzvan Ionu Florea,1,0,0,1
SCHOUTEN Tes,1,0,0,1
SECCHI Clement,1,0,0,1
SMITH Kieran,0,0,1,1
STRAUCH Jenna,0,0,1,1
SUN Jiajun,0,1,0,1
Sabina Schulze (-Kessler),0,1,0,1
Sabine Steinbach (-Klemm),1,0,0,1
Samantha "Sam" Arsenault (-Livingstone),0,1,0,1
Samuel Alapai "Sam" Kahanamoku,1,0,0,1
Sandrine Mainville,1,0,0,1
Sara Isakovi,0,0,1,1
Sara Maria Evelina Nordenstam,1,0,0,1
Sarah Frances "Fanny" Durack (-Gately),0,1,0,1
Sarah Gillow Marshall "Cissie" Stewart (-Hunt),0,0,1,1
Sarah Poewe,1,0,0,1
Satoko Tanaka (-Uji),1,0,0,1
Scott Erik Jaffe,1,0,0,1
Scott Linton Goodman,1,0,0,1
Scott Tyler Clary,0,1,0,1
Sergey Aleksandrovich Rusin,0,1,0,1
Sergey Valentinovich Zabolotnov,1,0,0,1
Sergey Vasilyevich Fesikov,1,0,0,1
Sergio Lpez Mir,1,0,0,1
Shannon Smith,1,0,0,1
Shannon Vreeland,0,1,0,1
Sharon Evans Finneran (-Rittenhouse),0,0,1,1
Sharon van Rouwendaal,0,1,0,1
"Sharron Elizabeth Davies (-Crisp, -Redmond, -Kingston)",0,0,1,1
Sheila Christine Taormina,0,1,0,1
Shi Jinglin,1,0,0,1
Shigeo Sugiura,0,1,0,1
Shirley Anne Stobs,0,1,0,1
Shiro Hashizume,0,0,1,1
Sigfrid Harald Alexander Julin,1,0,0,1
Silke Pielen (-Rogatko),1,0,0,1
Silvia Poll Ahrens,0,0,1,1
Simone Cercato,1,0,0,1
Siobhan-Marie O'Connor,0,0,1,1
Sndor Wladr,0,1,0,1
Solenne Nadge Figus (-Saint Marie),1,0,0,1
Spyridon "Spyros" Gianniotis,0,0,1,1
Spyridon P. "Spyros" Khazapis,0,0,1,1
Staciana Stitts (-Winfield),0,1,0,1
Stanislav Yuryevich Lopukhov,0,0,1,1
Stanislava Stanislavovna Komarova,0,0,1,1
Steffen Driesen,0,0,1,1
Stephen "Steve" Pickell,0,0,1,1
Stephen Benjamin "Steve" Parry,1,0,0,1
Stephen Clarke,1,0,0,1
Stephen Milne,0,0,1,1
Stephen Roy "Steve" Holland,1,0,0,1
Steven Charles "Steve" Furniss,1,0,0,1
Steven Dennis Dewick,1,0,0,1
Steven Garrett "Steve" Gregg,0,0,1,1
Stig Axel Gran Larsson,1,0,0,1
Sumika Minamoto,1,0,0,1
Sun Ye,1,0,0,1
Susan Elizabeth Doerr,0,1,0,1
Susan Elizabeth Roberts,1,0,0,1
"Susan Estelle Sloan (-Smith, -Kelsey)",1,0,0,1
Susan Kay "Sue" Pitt (-Anderson),0,1,0,1
Susanne E. "Susan" Laird (-Scavey),0,1,0,1
Susanne Jean "Suzy" Jones (-Roy),0,1,0,1
"Susanne Schultz Nielsson (-Feldsgaard, -Hansen)",1,0,0,1
Susanne Schuster (-Boerhoff),1,0,0,1
Suzanne Ciscele "Suzie" Landells (-Dill-Macky),0,0,1,1
Suzanne Winona Zimmerman (-Edwards),0,0,1,1
Sven Lodziewski,0,0,1,1
Svenja Schlicht,0,0,1,1
Svetlana Anatolyevna Varganova,0,0,1,1
Sybil Lorina Bauer,0,1,0,1
Sybille Schnrock (-Ermisch),0,0,1,1
Sylvia Eichner,0,0,1,1
TANG Muhan,1,0,0,1
TEMPLE Matthew,1,0,0,1
THROSSELL Brianna,0,1,0,1
Takashi Ishimoto,0,0,1,1
Takashi Yokoyama,0,1,0,1
Tams Kenderesi,1,0,0,1
Tamsin Cook,0,0,1,1
Tan Miao,0,0,1,1
Tang Jingzhi,0,0,1,1
Tang Yi,1,0,0,1
Tanya Bogomilova-Dangalakova,0,1,0,1
Tara Kirk,0,0,1,1
Tatsugo Kawaishi,0,0,1,1
Tatsuo Fujimoto,0,0,1,1
Tatyana Andreyevna Savelyeva,1,0,0,1
Taylor McKeown,0,0,1,1
Teijiro Tanikawa,0,0,1,1
Terence Michael Parkin,0,0,1,1
Terrence Steven "Terry" Gathercole,0,0,1,1
"Terri Lee Stickles (-Meja, -Strunck)",1,0,0,1
Tetiana Mykolavna Dev'iatova (-Kostitsyna),1,0,0,1
Tetsuo Hamuro,0,1,0,1
Tetsuo Okamoto,1,0,0,1
Thamar Nanette Henneken,0,0,1,1
Thelma H. Kalama (-Aiu),0,1,0,1
Thiago Machado Vilela Pereira,0,0,1,1
Thomas Allen "Tom" Shields,0,1,0,1
Thomas G. "Tommy" Hannan,0,1,0,1
Thomas Peter "Tom" Wilkens,1,0,0,1
Tina Isabel Gustafsson,0,0,1,1
Tnde Szab,0,0,1,1
Toby Christian Haenen,1,0,0,1
Tokuhei Sata,0,0,1,1
Tommaso D'Orsogna,1,0,0,1
Tommy Henrik "Tom" Werner,0,0,1,1
Torsten Spanneberg,1,0,0,1
Toru Goto,0,0,1,1
Toshio Irie,0,0,1,1
Toshio Shoji,1,0,0,1
Tracey Danielle McFarlane (-Mirande),0,0,1,1
Trevor Martin Smith,1,0,0,1
Trina Marie Jackson (-Falca),0,1,0,1
Tsutomi Oyokota,1,0,0,1
Tyler Tennant McGill,0,1,0,1
Udo Poser,1,0,0,1
Ulla Agneta Linna Mrtensson (-Baron),0,0,1,1
Ursula Happe (Krey-),0,1,0,1
Ursula Kper (-Stille),1,0,0,1
Ursula Pollack (-Oberstein),0,0,1,1
Uta Frommater,1,0,0,1
Uta Schmuck (-Hoffmann),0,0,1,1
Ute Hasse,0,0,1,1
Uwe Jacobsen,0,0,1,1
Valeriy Viktorovych Lozik,1,0,0,1
Valria Gyenge (-Garai),0,1,0,1
Vasily Ivanov,0,0,1,1
Verena "Vreni" Eberle,1,0,0,1
Victor Antoine Jules Cadet,0,0,1,1
Victor Fernand Hochepied,0,0,1,1
Victoriano Alberto Zorrilla,0,1,0,1
Virgil William "Virg" Luken,0,1,0,1
Vitaly Ivanovich Sorokin,1,0,0,1
Vladimir Borisovich Mikheyev,0,0,1,1
Vladimir Ilyich Shemetov,0,0,1,1
Vladimir Konstantinovich Nemshilov,1,0,0,1
Vladimir Vasilyevich Struzhanov,1,0,0,1
Vladimir Viktorovich Morozov,1,0,0,1
Vladimir Viktorovich Predkin,0,0,1,1
Volodymyr Henrikhovych Dolhov,1,0,0,1
Volodymyr Valentynovych Tkachenko,0,0,1,1
WAN Letian,1,0,0,1
WANG Changhao,0,1,0,1
WANG Shun,1,0,0,1
WANG Xueer,1,0,0,1
WEBER Emma,0,1,0,1
WEINSTEIN Claire,0,0,1,1
WEYANT Emma,1,0,0,1
WUNSCH Olivia,0,1,0,1
Walter Kusch,1,0,0,1
Walter Percy Spence,1,0,0,1
Walter Pierce Richardson,0,1,0,1
Waltraud "Wally" Dressel (-Stolberg),0,0,1,1
Wang Shun,1,0,0,1
Wang Xiaohong,0,0,1,1
Wayne Richard Moore,0,1,0,1
Wendy Elizabeth Cook-Hogg,1,0,0,1
"Wendy Weinberg (-Farber, -Weil)",1,0,0,1
Wieger Emile Mensonides,1,0,0,1
Wilfried Hartung,1,0,0,1
Wilhelm Bernhard Adolf Emil "Willy" Ltzow,0,0,1,1
Wilhelmina "Mina" Wylie,0,0,1,1
Wilhelmina "Winnie" van Weerdenburg (-Rijke),1,0,0,1
Willemina Cornelia Adriana "Wilma" van Hofwegen-van Rijn,0,0,1,1
"William Albert ""Bill"" Yorzyk, Jr.",0,1,0,1
William Ashley "Bill" Kirby,0,1,0,1
William Charles Burton,0,0,1,1
William Danforth "Bill" Mulliken,0,1,0,1
William Eugene "Billy" Dickey,0,1,0,1
William Henry,1,0,0,1
"William Henry Dudley, III",0,1,0,1
William Jeremiah "Bill" Tuttle,0,0,1,1
William Meynard,0,0,1,1
William Norval "Bill" Craig,0,1,0,1
William Ray "Bill" Kennedy,1,0,0,1
William Robert "Bill" Orthwein,1,0,0,1
"William Ronald ""Bill"" Forrester, Jr.",1,0,0,1
"William Roy ""Bill"" Mettler, Jr.",0,1,0,1
William Sharp Hannah "Billy" Herald,0,0,1,1
William Thomas "Bill" Darnton,0,1,0,1
William Thomas "Bill" Kirschbaum,1,0,0,1
William Victor "Bill" Mahony,1,0,0,1
William Walker Robinson,0,0,1,1
"William White ""Bill"" Harris, Jr.",1,0,0,1
Wiltrud Urselmann (-Haverkamp),0,0,1,1
Wivi Mathilda "Wivan" Pettersson (-Frunck),1,0,0,1
Xu Jiayu,0,0,1,1
Xu Tianlongzi,1,0,0,1
Xu Yanwei,0,0,1,1
YANG William,0,0,1,1
YONG Joshua,1,0,0,1
Yasuko Tajima,0,0,1,1
Yelena Shubina,1,0,0,1
Yelena Yuryevna Dendeberova (-Kuznetsova),0,0,1,1
Yevgeny Alekseyevich Seredin,0,0,1,1
Yevgeny Mikhaylovich Rylov,1,0,0,1
Yevgeny Yevgenyevich Korotyshkin,0,0,1,1
Yolane Nicole Kukla,0,1,0,1
Yoshihiro Hamaguchi,0,0,1,1
Yoshihiro Okumura,1,0,0,1
Yoshinobu "Yoshi" Oyakawa,0,1,0,1
Yuka Kato,1,0,0,1
Yuki Kobori,1,0,0,1
Yukiaki Okabe,1,0,0,1
Yuko Nakanishi,1,0,0,1
Yuliya Alekseyevna Bogdanova,1,0,0,1
Yuriy Petrovych Hromak,1,0,0,1
Yury Ivanovich Prisekin,0,1,0,1
Yury Suzdaltsev,1,0,0,1
Yury Valeryevich Mukhin,0,1,0,1
ZAZZERI Lorenzo,1,0,0,1
Zachary "Zac" Zorn,0,1,0,1
Zhang Lin,0,0,1,1
Zhao Jing,1,0,0,1
Zhao Kun,0,0,1,1
Zhou Yafei,1,0,0,1
Zhu Qianwei,0,0,1,1
Zhu Yingwen,0,0,1,1
dn Grf,1,0,0,1
rpd Lengyel,1,0,0,1
tienne Dagon,1,0,0,1
va Risztov,0,1,0,1
